301 191 3
301 204 3
301 269 3
301 283 3
301 423 3
301 484 3
301 515 3
301 604 3
302 243 2
302 269 3
302 286 3
302 313 4
302 315 3
302 326 3
302 328 3
302 333 3
302 678 2
303 258 5
303 268 5
303 269 5
303 294 3
303 300 4
303 303 4
303 305 4
303 325 3
303 333 4
303 340 4
303 682 3
303 995 5
304 64 5
304 143 5
304 194 5
304 245 5
304 286 5
304 418 5
304 480 5
304 492 5
304 604 5
304 606 5
304 705 5
305 137 3
305 272 3
305 327 3
305 650 4
305 651 4
305 750 3
305 886 5
306 121 3
306 126 4
306 127 4
306 151 4
306 252 2
306 289 2
306 405 3
306 924 1
307 111 4
307 118 4
307 181 4
307 220 2
307 252 3
307 258 4
307 298 4
307 301 4
307 471 4
307 476 2
307 546 3
307 845 3
307 926 3
308 245 3
308 288 3
308 300 4
308 873 2
308 879 3
309 268 4
309 270 3
309 292 4
309 300 3
309 302 4
309 310 3
309 313 4
309 332 3
309 346 4
309 682 2
309 690 3
309 880 4
310 21 2
310 94 3
310 181 4
310 240 3
310 300 3
310 596 2
310 597 3
311 64 5
311 111 4
311 151 4
311 251 5
311 257 4
311 272 4
311 750 4
311 751 3
312 1 5
312 9 4
312 100 5
312 129 4
312 268 5
312 276 4
312 286 4
312 300 4
312 742 4
313 243 2
313 286 4
313 288 3
313 310 4
313 313 4
313 315 5
313 323 2
313 333 4
313 748 3
314 258 4
314 272 5
314 288 4
314 319 4
314 362 3
314 882 5
314 891 2
315 243 4
315 259 3
315 288 4
315 294 3
315 321 4
315 339 3
315 342 5
315 359 3
315 410 4
315 597 4
315 687 2
315 875 3
315 988 2
316 14 4
316 237 3
316 245 3
316 272 4
316 313 4
316 321 3
316 676 4
317 272 4
317 315 4
317 316 4
317 319 3
317 345 5
318 98 5
318 173 5
318 245 4
318 269 4
318 286 5
318 288 4
318 294 4
318 301 4
318 313 5
318 315 4
318 347 4
318 752 4
319 271 3
319 288 3
319 289 2
319 301 3
319 304 3
319 308 5
319 310 4
319 331 3
319 338 2
319 877 1
319 938 3
319 989 2
320 269 4
320 271 3
320 288 3
320 294 3
320 300 4
320 305 3
320 325 3
320 327 3
320 333 4
320 343 3
320 890 5
321 100 5
321 150 4
321 151 3
321 168 4
321 191 4
321 194 4
321 198 5
321 205 4
321 222 4
321 276 4
321 288 4
321 313 4
321 682 2
321 902 3
322 1 3
322 24 3
322 147 2
322 254 1
322 405 2
322 410 2
322 471 3
322 473 3
322 742 3
323 100 5
323 264 4
323 328 4
323 456 1
323 687 1
323 876 1
323 881 3
323 948 3
324 245 2
324 270 3
324 289 2
324 294 2
324 309 4
324 322 2
324 328 2
324 879 3
325 237 3
325 271 2
325 278 3
325 288 3
325 298 3
325 300 3
325 313 3
325 328 3
325 343 4
325 682 1
325 742 3
325 763 2
326 13 4
326 25 4
326 100 5
326 111 4
326 116 4
326 150 5
326 235 4
326 283 5
326 306 4
326 476 3
326 756 3
327 258 4
327 300 4
327 303 3
327 319 4
327 333 4
327 334 4
328 14 5
328 50 5
328 222 4
328 258 5
328 748 4
328 832 4
328 845 4
329 245 4
329 264 3
329 268 4
329 322 3
329 323 3
329 328 4
329 354 4
329 678 3
329 748 3
329 879 4
330 259 3
330 267 5
330 268 3
330 301 4
330 306 3
330 333 4
330 338 2
330 346 2
330 682 2
330 751 4
330 879 3
331 1 5
331 5 5
331 7 4
331 8 5
331 9 5
331 11 5
331 12 5
331 22 5
331 31 5
331 38 4
331 53 4
331 54 4
331 56 5
331 70 5
331 73 5
331 77 5
331 79 5
331 82 4
331 95 5
331 96 5
331 97 5
331 98 5
331 105 3
331 106 4
331 117 5
331 118 4
331 120 3
331 121 5
331 122 3
331 123 5
331 125 5
331 127 5
331 144 5
331 156 5
331 159 5
331 172 5
331 174 5
331 181 5
331 182 5
331 204 5
331 210 5
331 218 4
331 222 5
331 227 5
331 228 5
331 229 4
331 230 4
331 232 4
331 233 5
331 234 5
331 235 4
331 237 4
331 240 4
331 249 4
331 255 4
331 257 5
331 258 5
331 264 4
331 265 5
331 271 4
331 273 4
331 282 5
331 288 5
331 291 4
331 293 5
331 294 4
331 295 4
331 298 4
331 300 5
331 307 4
331 313 5
331 322 4
331 323 3
331 326 4
331 327 4
331 328 5
331 332 4
331 333 5
331 342 4
331 356 4
331 369 3
331 370 3
331 405 4
331 406 3
331 409 4
331 410 4
331 449 4
331 450 2
331 451 4
331 452 4
331 456 3
331 470 5
331 546 4
331 566 5
331 595 4
331 597 4
331 628 4
331 651 5
331 655 5
331 660 5
331 673 4
331 679 4
331 684 5
331 693 2
331 696 5
331 728 4
331 746 4
331 756 4
331 763 4
331 770 5
331 815 4
331 824 3
331 827 4
331 831 4
331 833 5
331 840 4
331 841 4
331 845 5
331 866 4
331 871 4
331 879 5
331 895 5
331 928 4
331 931 2
331 934 5
331 975 4
331 978 4
331 982 3
331 983 4
332 88 4
332 153 4
332 168 5
332 180 4
332 186 4
332 269 4
332 294 3
332 315 4
332 316 5
332 435 4
332 513 4
332 748 3
332 873 3
333 4 4
333 7 4
333 8 5
333 9 5
333 12 5
333 13 4
333 19 4
333 20 4
333 22 4
333 23 5
333 28 4
333 42 4
333 50 5
333 52 4
333 56 5
333 58 4
333 59 5
333 61 4
333 68 4
333 69 4
333 70 3
333 72 4
333 73 4
333 74 4
333 77 4
333 79 4
333 81 4
333 86 4
333 89 5
333 91 4
333 93 4
333 95 4
333 98 5
333 100 5
333 111 4
333 115 4
333 116 4
333 117 4
333 124 4
333 125 4
333 127 4
333 131 4
333 132 5
333 134 5
333 135 5
333 143 4
333 150 4
333 153 4
333 154 4
333 155 3
333 160 4
333 163 3
333 164 4
333 168 4
333 169 4
333 170 5
333 171 4
333 172 5
333 173 4
333 174 5
333 175 4
333 176 4
333 181 5
333 182 5
333 183 5
333 185 5
333 186 5
333 191 4
333 196 4
333 197 5
333 200 4
333 203 4
333 204 5
333 207 4
333 210 5
333 213 5
333 216 4
333 217 3
333 220 4
333 221 4
333 222 4
333 223 4
333 224 5
333 225 4
333 227 3
333 228 4
333 229 4
333 230 4
333 231 3
333 235 3
333 237 4
333 238 4
333 239 5
333 244 1
333 245 4
333 248 4
333 250 4
333 255 4
333 257 4
333 258 4
333 265 4
333 268 4
333 269 5
333 271 3
333 272 5
333 275 4
333 276 5
333 277 3
333 282 4
333 283 4
333 285 5
333 286 5
333 287 4
333 288 4
333 289 4
333 293 4
333 297 5
333 300 4
333 301 4
333 303 4
333 305 4
333 306 4
333 310 4
333 311 3
333 312 4
333 313 5
333 315 5
333 316 5
333 317 4
333 318 4
333 319 4
333 322 3
333 324 4
333 326 4
333 328 4
333 333 4
333 337 5
333 338 3
333 340 5
333 345 4
333 346 4
333 347 4
333 371 4
333 396 4
333 405 4
333 408 5
333 421 4
333 423 4
333 425 4
333 428 5
333 429 4
333 430 5
333 433 4
333 436 4
333 443 4
333 449 4
333 450 3
333 461 5
333 462 4
333 474 5
333 475 4
333 476 4
333 481 5
333 483 5
333 484 5
333 485 4
333 488 4
333 494 5
333 498 5
333 500 4
333 502 4
333 505 3
333 506 5
333 508 4
333 510 5
333 512 4
333 514 5
333 515 4
333 521 4
333 525 5
333 529 4
333 537 4
333 553 3
333 558 5
333 566 4
333 577 4
333 582 4
333 591 4
333 603 4
333 606 4
333 607 4
333 620 4
333 628 4
333 629 4
333 631 4
333 634 4
333 635 1
333 640 4
333 642 4
333 652 4
333 655 4
333 657 5
333 658 4
333 663 4
333 675 5
333 678 3
333 684 4
333 689 3
333 693 4
333 707 4
333 708 4
333 709 5
333 710 3
333 712 4
333 716 4
333 736 4
333 740 4
333 742 4
333 744 4
333 746 4
333 753 4
333 762 4
333 792 4
333 815 3
333 840 3
333 845 4
333 846 4
333 855 4
333 856 4
333 865 5
333 870 4
333 877 3
333 879 4
333 886 3
333 887 4
333 888 3
333 896 4
333 899 4
333 902 4
333 905 4
333 906 5
333 922 4
333 931 2
333 936 5
333 937 5
333 945 4
333 950 4
333 955 4
333 961 4
333 969 3
334 245 3
334 258 4
334 269 4
334 288 3
334 307 4
334 313 5
334 324 4
334 342 1
334 347 4
334 748 3
334 902 4
335 3 2
335 4 4
335 13 3
335 15 3
335 26 3
335 33 3
335 41 3
335 42 4
335 49 3
335 56 3
335 66 3
335 67 2
335 88 3
335 94 3
335 100 4
335 105 2
335 111 3
335 117 4
335 121 3
335 122 1
335 124 3
335 125 4
335 151 3
335 153 3
335 154 4
335 158 4
335 168 4
335 186 4
335 202 3
335 208 3
335 216 3
335 232 2
335 237 3
335 239 3
335 275 3
335 276 3
335 282 4
335 284 3
335 290 3
335 367 3
335 383 1
335 388 2
335 395 2
335 401 3
335 405 2
335 410 3
335 451 3
335 475 3
335 546 2
335 571 2
335 577 3
335 619 3
335 628 4
335 655 4
335 692 3
335 710 4
335 722 3
335 732 3
335 738 2
335 742 3
335 762 2
335 763 3
335 765 3
335 780 3
335 781 3
335 785 1
335 790 3
335 796 3
335 824 2
335 859 3
335 864 2
335 959 4
335 998 2
335 999 4
336 15 4
336 50 5
336 106 3
336 121 4
336 127 5
336 181 4
336 228 4
336 230 3
336 235 3
336 257 4
336 371 4
336 380 4
336 392 3
336 515 4
336 520 4
336 631 4
336 742 4
336 831 3
337 1 4
337 56 4
337 79 5
337 83 5
337 132 4
337 133 4
337 134 4
337 135 5
337 168 4
337 170 5
337 174 5
337 175 4
337 180 5
337 189 5
337 194 5
337 204 4
337 208 5
337 211 4
337 212 4
337 213 5
337 215 4
337 216 4
337 269 5
337 294 4
337 301 4
337 306 5
337 310 5
337 435 5
337 443 5
337 462 4
337 474 5
337 480 4
337 483 5
337 484 5
337 486 5
337 488 4
337 490 5
337 494 4
337 498 4
337 511 5
337 513 5
337 514 5
337 516 5
337 523 5
337 525 3
337 582 5
337 604 4
337 607 3
337 613 5
337 650 1
337 654 5
337 708 5
337 792 3
337 945 5
338 1 5
338 4 5
338 5 1
338 7 5
338 11 5
338 12 5
338 22 5
338 23 5
338 25 4
338 28 5
338 29 3
338 30 5
338 32 5
338 42 5
338 47 4
338 50 5
338 55 5
338 56 5
338 58 4
338 64 5
338 65 4
338 67 3
338 69 5
338 73 5
338 74 2
338 76 4
338 79 5
338 80 4
338 81 5
338 82 4
338 86 5
338 88 5
338 89 5
338 91 5
338 97 4
338 98 5
338 100 5
338 101 5
338 117 5
338 121 4
338 124 5
338 126 5
338 127 5
338 130 4
338 131 4
338 132 4
338 133 5
338 134 5
338 135 5
338 136 5
338 139 3
338 144 5
338 145 2
338 150 4
338 151 4
338 153 5
338 154 5
338 156 5
338 157 4
338 159 4
338 160 5
338 161 4
338 163 4
338 167 4
338 168 5
338 170 5
338 174 5
338 175 5
338 179 5
338 180 5
338 181 5
338 183 5
338 186 5
338 188 5
338 190 5
338 191 5
338 192 4
338 194 5
338 195 5
338 196 5
338 197 5
338 198 4
338 199 5
338 203 5
338 204 5
338 205 5
338 208 5
338 209 5
338 214 4
338 222 5
338 226 4
338 227 4
338 228 5
338 231 3
338 233 4
338 235 3
338 238 5
338 240 4
338 248 5
338 257 5
338 258 5
338 265 5
338 269 4
338 270 4
338 276 4
338 286 5
338 288 4
338 298 3
338 302 5
338 317 4
338 327 3
338 347 4
338 357 5
338 380 5
338 383 5
338 402 5
338 403 5
338 404 5
338 410 4
338 411 4
338 415 4
338 427 5
338 428 5
338 431 5
338 433 4
338 435 5
338 436 4
338 447 5
338 449 3
338 451 5
338 461 5
338 469 4
338 474 5
338 475 4
338 478 5
338 479 5
338 483 5
338 484 5
338 485 5
338 496 5
338 498 5
338 503 4
338 508 4
338 509 5
338 514 5
338 515 5
338 516 5
338 521 3
338 522 4
338 523 5
338 525 5
338 527 5
338 528 5
338 530 5
338 546 4
338 549 4
338 550 4
338 566 5
338 568 5
338 573 3
338 582 3
338 603 5
338 607 5
338 614 5
338 631 4
338 632 5
338 636 4
338 637 5
338 640 5
338 642 4
338 649 5
338 650 4
338 655 5
338 657 5
338 661 5
338 663 4
338 673 5
338 675 5
338 678 4
338 693 5
338 702 3
338 709 4
338 719 3
338 735 4
338 737 1
338 739 5
338 770 5
338 772 3
338 806 1
338 823 4
338 845 5
338 856 4
338 939 4
338 942 4
338 961 5
339 1 5
339 15 4
339 50 5
339 66 4
339 71 5
339 143 5
339 172 5
339 174 5
339 179 5
339 181 5
339 205 4
339 215 4
339 265 5
339 274 4
339 402 4
339 405 4
339 423 5
339 435 5
339 486 4
339 502 4
339 504 5
339 520 5
339 526 3
339 584 5
339 662 5
339 946 4
340 3 2
340 4 3
340 7 4
340 8 3
340 11 3
340 13 3
340 15 3
340 23 4
340 25 3
340 26 3
340 28 4
340 47 2
340 56 4
340 58 3
340 68 3
340 92 3
340 93 3
340 95 4
340 98 4
340 100 4
340 108 5
340 111 3
340 122 1
340 123 3
340 124 3
340 129 4
340 131 3
340 132 3
340 133 3
340 134 4
340 135 4
340 143 3
340 144 3
340 156 4
340 160 4
340 174 4
340 175 3
340 179 4
340 188 2
340 189 4
340 191 4
340 192 3
340 193 3
340 194 3
340 196 3
340 197 4
340 204 3
340 208 4
340 209 4
340 212 3
340 216 3
340 223 4
340 237 3
340 238 3
340 240 3
340 248 4
340 251 5
340 255 2
340 257 4
340 262 3
340 274 3
340 276 3
340 282 3
340 286 3
340 287 3
340 288 3
340 289 2
340 294 3
340 297 3
340 298 3
340 301 4
340 319 4
340 320 1
340 326 4
340 327 3
340 367 3
340 378 2
340 381 3
340 382 4
340 408 4
340 412 2
340 421 3
340 423 4
340 427 4
340 433 4
340 461 3
340 483 4
340 487 3
340 496 3
340 499 3
340 508 3
340 517 3
340 518 3
340 523 4
340 531 3
340 535 4
340 544 3
340 547 4
340 558 1
340 574 1
340 581 3
340 584 5
340 591 4
340 606 3
340 607 1
340 654 4
340 655 4
340 656 4
340 657 4
340 663 3
340 692 3
340 699 3
340 723 5
340 724 1
340 727 5
340 732 3
340 746 3
340 756 2
340 762 3
340 764 5
340 772 1
340 789 4
340 792 3
340 813 4
340 818 2
340 844 1
340 846 4
340 866 2
340 873 3
340 875 1
340 928 3
340 950 1
340 965 3
340 975 3
341 1 4
341 4 4
341 7 4
341 8 5
341 9 5
341 10 4
341 11 5
341 12 5
341 20 4
341 23 5
341 25 4
341 26 5
341 28 4
341 38 4
341 42 4
341 44 5
341 47 5
341 48 4
341 50 5
341 52 4
341 53 5
341 55 4
341 56 4
341 57 5
341 58 4
341 62 3
341 63 4
341 65 4
341 66 4
341 67 4
341 68 3
341 69 4
341 76 1
341 77 4
341 79 4
341 81 5
341 82 4
341 83 5
341 86 4
341 87 5
341 90 3
341 97 5
341 98 5
341 100 5
341 117 4
341 118 3
341 121 4
341 124 4
341 127 5
341 132 5
341 134 5
341 135 4
341 137 5
341 143 4
341 144 4
341 147 4
341 152 3
341 153 5
341 155 4
341 156 5
341 159 4
341 163 4
341 164 4
341 168 5
341 169 5
341 174 5
341 176 4
341 177 5
341 179 5
341 180 5
341 186 5
341 187 5
341 188 5
341 189 5
341 193 5
341 194 5
341 196 5
341 197 4
341 199 5
341 200 4
341 208 4
341 211 5
341 214 4
341 223 5
341 228 4
341 229 3
341 231 4
341 234 5
341 235 3
341 236 5
341 237 4
341 241 4
341 250 4
341 257 4
341 265 4
341 269 5
341 275 5
341 276 5
341 277 4
341 283 4
341 288 4
341 297 5
341 302 5
341 303 4
341 306 4
341 318 5
341 324 4
341 333 4
341 334 4
341 357 5
341 358 3
341 371 4
341 375 3
341 382 4
341 385 4
341 405 4
341 408 5
341 410 4
341 423 5
341 427 4
341 429 4
341 435 5
341 449 4
341 461 4
341 462 4
341 463 4
341 471 4
341 473 3
341 474 4
341 475 4
341 476 4
341 483 5
341 498 4
341 499 3
341 508 4
341 510 4
341 515 5
341 521 4
341 523 5
341 527 5
341 528 5
341 530 4
341 536 5
341 546 3
341 555 4
341 559 4
341 561 4
341 568 4
341 569 3
341 581 4
341 582 5
341 606 3
341 614 4
341 631 3
341 642 5
341 654 5
341 655 5
341 657 5
341 660 4
341 684 5
341 702 4
341 703 4
341 708 4
341 712 2
341 724 4
341 727 4
341 729 4
341 739 4
341 744 4
341 747 5
341 778 4
341 786 4
341 792 4
341 823 3
341 919 4
341 921 1
341 930 3
341 931 3
341 943 4
341 950 3
341 951 4
341 961 4
341 980 5
342 1 4
342 4 4
342 5 3
342 8 4
342 9 4
342 11 4
342 12 4
342 13 3
342 14 4
342 22 4
342 25 4
342 26 1
342 39 3
342 45 4
342 58 3
342 70 4
342 71 4
342 73 4
342 79 4
342 86 3
342 87 4
342 88 4
342 89 4
342 95 4
342 96 3
342 97 3
342 98 4
342 111 3
342 118 3
342 119 5
342 121 4
342 122 2
342 124 4
342 125 3
342 127 4
342 129 3
342 132 4
342 137 3
342 151 3
342 169 5
342 172 4
342 174 4
342 176 4
342 181 4
342 183 4
342 190 3
342 191 4
342 195 4
342 196 4
342 198 4
342 202 3
342 203 4
342 204 4
342 208 5
342 210 4
342 216 4
342 222 4
342 228 4
342 235 3
342 237 3
342 244 3
342 245 3
342 246 4
342 248 3
342 251 4
342 255 3
342 268 4
342 269 4
342 272 4
342 273 4
342 275 3
342 276 4
342 278 2
342 280 3
342 281 3
342 283 4
342 284 3
342 285 4
342 286 4
342 288 3
342 291 3
342 295 4
342 297 4
342 298 4
342 301 3
342 303 4
342 304 4
342 311 3
342 313 4
342 315 3
342 316 5
342 322 3
342 357 4
342 367 3
342 385 3
342 405 4
342 421 4
342 433 4
342 451 4
342 459 2
342 462 4
342 471 3
342 472 2
342 476 3
342 477 3
342 478 3
342 479 4
342 486 3
342 487 4
342 494 3
342 508 4
342 509 3
342 511 4
342 516 4
342 535 5
342 537 3
342 559 3
342 562 3
342 568 4
342 597 3
342 619 2
342 647 3
342 660 4
342 663 4
342 678 2
342 684 4
342 694 3
342 696 5
342 707 4
342 708 3
342 709 4
342 713 4
342 716 3
342 742 4
342 751 3
342 764 4
342 815 3
342 844 3
342 845 3
342 864 3
342 926 2
342 928 3
342 955 4
342 972 4
343 1 4
343 4 3
343 5 4
343 9 5
343 11 4
343 15 4
343 25 4
343 26 1
343 28 4
343 33 4
343 43 3
343 44 4
343 48 4
343 49 4
343 50 4
343 51 4
343 56 3
343 64 5
343 65 4
343 66 5
343 69 4
343 71 4
343 77 3
343 79 5
343 81 4
343 87 4
343 88 4
343 93 4
343 98 5
343 100 4
343 111 4
343 117 4
343 118 4
343 124 4
343 125 3
343 126 4
343 131 3
343 132 4
343 137 4
343 143 4
343 148 4
343 151 3
343 170 4
343 172 5
343 173 4
343 174 4
343 191 4
343 196 4
343 197 5
343 202 4
343 204 4
343 216 4
343 220 4
343 221 4
343 223 4
343 226 4
343 235 3
343 237 4
343 239 4
343 241 4
343 245 4
343 246 4
343 251 5
343 255 4
343 262 4
343 268 4
343 269 4
343 272 4
343 278 1
343 280 4
343 282 4
343 283 4
343 284 3
343 285 4
343 287 3
343 288 4
343 289 4
343 291 3
343 293 4
343 294 4
343 295 4
343 297 3
343 298 4
343 300 4
343 301 4
343 302 4
343 303 4
343 305 4
343 311 3
343 312 4
343 313 5
343 315 4
343 317 4
343 323 3
343 332 3
343 333 4
343 356 3
343 365 4
343 367 4
343 378 4
343 381 4
343 382 4
343 387 4
343 402 4
343 403 4
343 405 4
343 416 5
343 433 4
343 443 4
343 451 4
343 461 5
343 464 5
343 471 4
343 473 4
343 476 3
343 479 5
343 481 5
343 485 4
343 498 3
343 508 4
343 518 3
343 534 4
343 535 5
343 550 4
343 559 3
343 566 4
343 568 4
343 582 4
343 588 4
343 620 4
343 639 3
343 651 5
343 655 4
343 660 4
343 676 5
343 696 4
343 702 1
343 708 4
343 709 4
343 715 4
343 716 5
343 722 4
343 732 3
343 736 4
343 737 1
343 738 1
343 739 4
343 742 4
343 744 4
343 747 4
343 748 4
343 772 4
343 781 4
343 845 4
343 846 2
343 866 4
343 879 4
343 886 4
343 903 5
343 919 3
343 949 4
343 955 5
343 956 3
343 972 4
343 988 2
344 2 3
344 3 3
344 4 4
344 7 4
344 11 3
344 12 4
344 17 3
344 22 4
344 29 2
344 31 4
344 33 3
344 38 3
344 53 3
344 54 3
344 55 3
344 56 3
344 62 4
344 64 4
344 67 3
344 72 3
344 76 5
344 77 3
344 83 4
344 91 3
344 92 4
344 94 3
344 97 4
344 98 4
344 100 4
344 117 4
344 120 1
344 121 3
344 127 4
344 128 3
344 132 4
344 133 4
344 134 4
344 141 4
344 143 3
344 144 4
344 147 3
344 153 4
344 156 4
344 157 4
344 158 3
344 161 3
344 167 3
344 168 4
344 172 4
344 173 4
344 174 4
344 176 4
344 181 4
344 183 4
344 184 4
344 186 4
344 187 4
344 188 3
344 203 3
344 204 4
344 210 4
344 211 3
344 213 4
344 215 4
344 216 4
344 218 3
344 219 2
344 232 2
344 234 4
344 237 3
344 241 3
344 245 3
344 250 3
344 259 2
344 265 4
344 273 3
344 276 3
344 288 3
344 291 3
344 293 3
344 294 3
344 300 4
344 302 4
344 318 4
344 322 3
344 325 2
344 333 3
344 358 3
344 363 3
344 366 1
344 369 2
344 375 3
344 385 4
344 391 3
344 392 3
344 403 4
344 405 3
344 415 2
344 423 4
344 431 3
344 455 4
344 470 3
344 496 4
344 518 4
344 520 4
344 541 2
344 546 3
344 549 3
344 561 2
344 569 2
344 571 2
344 572 2
344 576 3
344 578 3
344 582 4
344 616 3
344 636 4
344 642 3
344 657 4
344 669 1
344 673 4
344 684 4
344 685 4
344 708 4
344 712 3
344 727 3
344 732 4
344 739 3
344 743 1
344 746 3
344 748 3
344 780 2
344 785 3
344 802 3
344 809 4
344 831 2
344 842 3
344 879 3
344 932 2
344 944 5
344 951 4
344 959 4
344 977 2
345 1 4
345 7 4
345 12 5
345 15 4
345 17 4
345 22 4
345 24 4
345 25 5
345 28 4
345 31 5
345 50 4
345 55 4
345 56 4
345 68 4
345 70 4
345 73 4
345 76 3
345 77 3
345 79 4
345 82 3
345 85 4
345 87 4
345 91 5
345 96 4
345 97 4
345 99 3
345 100 5
345 117 4
345 118 4
345 125 5
345 127 4
345 132 4
345 137 4
345 144 4
345 151 4
345 156 4
345 157 3
345 158 5
345 159 4
345 163 4
345 164 5
345 168 5
345 172 4
345 173 4
345 174 4
345 176 5
345 177 5
345 181 5
345 182 4
345 183 5
345 187 5
345 188 4
345 192 5
345 195 4
345 200 4
345 203 5
345 204 4
345 208 4
345 215 4
345 222 4
345 226 4
345 227 3
345 233 4
345 235 3
345 239 4
345 240 3
345 245 4
345 246 4
345 252 3
345 257 4
345 258 5
345 268 4
345 271 4
345 273 4
345 276 4
345 280 4
345 286 4
345 288 4
345 290 3
345 293 3
345 294 3
345 298 4
345 300 4
345 317 4
345 318 5
345 323 4
345 324 4
345 328 4
345 333 4
345 356 4
345 369 3
345 371 4
345 385 4
345 386 4
345 392 4
345 403 4
345 404 3
345 405 4
345 410 4
345 416 3
345 423 4
345 432 4
345 435 4
345 460 5
345 462 4
345 465 4
345 468 3
345 470 4
345 472 3
345 475 4
345 501 3
345 508 4
345 544 1
345 550 4
345 568 4
345 588 4
345 595 4
345 597 4
345 609 3
345 655 4
345 660 4
345 685 4
345 686 2
345 689 4
345 692 3
345 699 4
345 721 3
345 735 3
345 742 4
345 756 3
345 763 4
345 806 2
345 819 4
345 820 3
345 827 3
345 829 5
345 831 2
345 841 3
345 871 3
345 879 3
345 928 4
345 930 3
345 943 5
345 959 3
345 977 3
345 982 3
346 1 4
346 7 4
346 15 4
346 25 4
346 100 5
346 107 4
346 111 4
346 118 4
346 121 4
346 126 4
346 147 4
346 225 4
346 240 3
346 276 4
346 288 3
346 294 4
346 323 4
346 368 3
346 370 5
346 409 4
346 411 3
346 412 3
346 472 4
346 473 3
346 476 3
346 546 3
346 628 4
346 742 4
346 819 5
346 831 3
346 834 3
346 924 4
346 926 3
346 928 3
346 974 4
346 975 5
346 988 2
347 9 4
347 10 4
347 118 4
347 121 4
347 125 3
347 126 4
347 237 3
347 325 4
347 370 2
347 412 2
347 455 3
347 458 3
347 471 4
347 475 4
347 596 3
347 744 4
347 847 4
348 1 5
348 23 5
348 89 4
348 98 5
348 132 4
348 133 4
348 136 4
348 168 4
348 172 5
348 176 5
348 183 5
348 193 4
348 195 5
348 204 4
348 210 5
348 214 4
348 228 5
348 265 5
348 271 4
348 324 4
348 340 5
348 435 5
348 479 5
348 480 5
348 483 5
348 489 5
348 530 5
348 589 4
348 604 4
348 616 3
348 654 4
348 657 4
349 288 3
349 289 3
349 292 4
349 300 4
349 301 4
349 310 4
349 312 4
349 313 4
349 326 5
349 327 4
349 332 4
349 341 2
349 343 3
349 359 3
349 538 3
349 748 3
349 750 4
349 754 1
349 873 2
349 879 3
349 880 3
349 882 3
349 888 2
349 984 2
349 989 4
349 990 4
350 4 4
350 7 4
350 12 5
350 17 4
350 39 4
350 55 4
350 56 4
350 79 4
350 86 4
350 89 5
350 92 4
350 96 4
350 98 5
350 129 4
350 144 4
350 156 4
350 173 5
350 182 4
350 194 5
350 195 4
350 216 4
350 228 4
350 234 4
350 302 5
350 385 4
350 568 4
350 657 4
350 692 4
351 245 3
351 260 2
351 271 3
351 272 4
351 300 4
351 315 4
351 326 3
351 327 4
351 328 3
351 332 4
351 333 4
351 343 3
351 905 3
352 7 4
352 9 4
352 14 4
352 19 4
352 20 4
352 25 4
352 32 4
352 42 5
352 47 4
352 50 5
352 52 4
352 57 5
352 58 4
352 59 5
352 60 3
352 61 3
352 66 4
352 70 3
352 79 4
352 81 5
352 83 4
352 86 3
352 87 4
352 88 4
352 93 4
352 100 4
352 109 4
352 116 4
352 124 4
352 131 4
352 133 3
352 134 4
352 135 5
352 136 4
352 137 3
352 143 4
352 149 2
352 151 4
352 152 3
352 153 4
352 154 4
352 155 4
352 162 4
352 166 1
352 168 4
352 169 5
352 171 4
352 173 4
352 174 5
352 175 4
352 180 5
352 186 4
352 189 4
352 190 3
352 191 4
352 193 4
352 197 4
352 199 5
352 202 3
352 208 5
352 209 4
352 211 4
352 213 4
352 216 4
352 238 4
352 242 4
352 246 4
352 248 3
352 251 4
352 255 4
352 257 4
352 258 4
352 268 5
352 269 5
352 270 4
352 272 4
352 275 4
352 276 3
352 281 3
352 286 4
352 287 3
352 297 4
352 303 4
352 305 4
352 306 4
352 308 4
352 311 4
352 313 5
352 318 4
352 344 4
352 381 3
352 382 4
352 387 3
352 414 3
352 421 4
352 423 4
352 428 4
352 429 4
352 435 4
352 462 4
352 463 4
352 464 4
352 473 4
352 478 4
352 479 4
352 480 4
352 483 4
352 485 4
352 487 4
352 489 3
352 494 4
352 496 4
352 497 1
352 498 4
352 507 4
352 508 3
352 509 5
352 511 4
352 513 4
352 515 4
352 516 2
352 518 4
352 520 5
352 529 4
352 531 3
352 533 4
352 558 5
352 582 3
352 584 4
352 603 4
352 604 4
352 605 1
352 606 3
352 607 3
352 629 4
352 631 3
352 638 4
352 650 3
352 651 4
352 652 5
352 657 4
352 659 5
352 660 4
352 661 4
352 692 4
352 694 5
352 699 4
352 702 3
352 705 4
352 707 5
352 709 4
352 716 4
352 732 3
352 733 3
352 735 3
352 736 4
352 737 2
352 740 3
352 753 4
352 792 5
352 811 4
352 847 4
352 855 3
352 863 4
352 865 5
352 882 3
352 889 4
352 900 5
352 904 5
352 929 1
352 953 4
352 956 1
352 958 3
352 962 2
353 242 5
353 264 3
353 288 4
353 300 4
353 328 4
353 329 1
353 360 2
353 681 4
353 882 4
354 272 4
354 292 3
354 313 4
354 316 4
354 326 3
354 328 4
354 333 3
354 689 3
354 748 2
355 1 4
355 7 5
355 10 4
355 24 5
355 105 3
355 117 5
355 118 4
355 123 4
355 125 4
355 126 4
355 147 4
355 150 4
355 151 4
355 220 2
355 222 5
355 245 4
355 258 5
355 270 4
355 273 5
355 274 4
355 275 5
355 280 4
355 284 4
355 291 4
355 322 4
355 326 4
355 334 4
355 405 4
355 407 3
355 411 3
355 455 4
355 456 2
355 471 4
355 472 3
355 473 4
355 476 3
355 546 3
355 595 3
355 687 1
355 713 5
355 742 4
355 744 5
355 760 5
355 819 4
355 820 3
355 831 3
355 833 5
355 866 4
355 932 2
355 977 5
355 984 5
356 8 4
356 65 4
356 127 4
356 132 4
356 174 4
356 179 4
356 213 4
356 268 3
356 318 4
356 324 4
356 357 4
356 511 4
356 582 3
356 584 3
356 638 4
356 639 4
356 643 3
356 855 4
356 896 2
357 7 4
357 117 4
357 118 4
357 181 4
357 250 4
357 268 4
357 270 4
357 298 4
357 313 4
357 323 3
357 405 4
357 472 4
357 748 3
357 751 4
357 831 3
358 1 4
358 10 4
358 13 4
358 14 5
358 25 4
358 28 5
358 45 4
358 50 5
358 64 5
358 79 4
358 100 4
358 116 4
358 124 4
358 127 5
358 134 4
358 157 4
358 165 5
358 166 4
358 170 5
358 174 5
358 181 4
358 187 5
358 191 5
358 194 4
358 195 5
358 197 5
358 205 3
358 207 5
358 210 5
358 222 4
358 237 4
358 238 5
358 242 5
358 251 5
358 269 4
358 271 3
358 275 4
358 283 4
358 284 3
358 286 5
358 297 5
358 302 5
358 304 4
358 306 4
358 308 1
358 309 1
358 321 4
358 326 4
358 328 4
358 357 5
358 423 5
358 479 5
358 483 5
358 496 4
358 511 4
358 521 4
358 523 4
358 531 5
358 582 4
358 588 5
358 654 5
358 661 5
358 735 4
358 744 4
358 748 3
358 845 4
358 933 2
358 936 5
358 963 5
359 12 4
359 14 5
359 23 5
359 26 4
359 49 3
359 53 4
359 55 4
359 56 5
359 59 5
359 60 5
359 66 4
359 70 4
359 79 4
359 83 5
359 88 4
359 90 3
359 97 4
359 98 5
359 100 5
359 111 4
359 129 4
359 148 4
359 150 4
359 156 4
359 165 5
359 166 4
359 168 5
359 170 5
359 173 5
359 176 5
359 178 5
359 183 5
359 185 4
359 186 5
359 190 5
359 197 5
359 203 4
359 204 4
359 207 5
359 212 3
359 213 4
359 218 4
359 222 5
359 228 4
359 234 4
359 237 4
359 238 5
359 258 4
359 269 5
359 273 4
359 274 4
359 276 4
359 286 4
359 333 4
359 340 4
359 387 4
359 421 4
359 430 5
359 435 5
359 451 4
359 466 4
359 475 4
359 498 4
359 502 4
359 504 4
359 514 5
359 517 4
359 524 4
359 525 3
359 531 5
359 639 4
359 652 4
359 654 4
359 655 4
359 657 5
359 659 5
359 673 5
359 684 5
359 694 5
359 707 4
359 709 4
359 727 2
359 737 2
359 739 3
359 742 4
359 762 3
359 770 2
359 794 4
359 934 2
359 949 3
360 245 3
360 268 4
360 302 4
360 312 3
360 313 4
360 323 2
360 333 3
360 336 4
360 689 3
361 1 3
361 2 3
361 4 4
361 5 3
361 7 3
361 9 4
361 11 3
361 22 4
361 29 2
361 32 3
361 37 1
361 38 2
361 44 3
361 47 3
361 50 4
361 54 2
361 55 4
361 56 4
361 58 3
361 62 3
361 65 3
361 66 3
361 67 2
361 68 2
361 69 2
361 70 3
361 71 3
361 72 3
361 73 3
361 79 4
361 81 3
361 82 3
361 87 4
361 88 3
361 89 4
361 90 2
361 91 3
361 93 3
361 95 3
361 96 4
361 97 3
361 98 3
361 101 3
361 102 3
361 114 4
361 117 4
361 120 1
361 121 3
361 128 4
361 134 3
361 137 3
361 143 3
361 144 3
361 145 2
361 151 3
361 152 3
361 154 3
361 155 2
361 156 3
361 159 3
361 161 3
361 164 4
361 169 4
361 172 4
361 173 4
361 174 4
361 179 4
361 182 4
361 183 4
361 184 3
361 185 3
361 186 4
361 187 4
361 188 3
361 189 4
361 193 3
361 195 4
361 196 3
361 200 3
361 201 3
361 204 4
361 206 3
361 208 4
361 210 3
361 212 3
361 215 3
361 216 3
361 218 3
361 222 3
361 226 3
361 227 3
361 228 3
361 229 2
361 231 2
361 234 3
361 235 2
361 237 3
361 248 3
361 250 3
361 258 4
361 265 3
361 270 3
361 271 2
361 282 3
361 283 3
361 284 3
361 288 3
361 290 3
361 293 5
361 307 3
361 315 3
361 316 4
361 317 4
361 322 2
361 325 3
361 328 3
361 336 3
361 346 3
361 347 3
361 350 3
361 351 1
361 366 2
361 370 1
361 380 3
361 387 3
361 391 4
361 393 3
361 402 3
361 403 3
361 405 3
361 408 4
361 417 3
361 423 3
361 426 3
361 428 4
361 431 3
361 433 4
361 435 4
361 443 3
361 444 3
361 448 2
361 449 3
361 451 3
361 461 2
361 469 5
361 472 2
361 473 3
361 474 4
361 505 3
361 506 4
361 511 4
361 518 3
361 523 4
361 531 3
361 546 2
361 550 3
361 552 1
361 554 2
361 555 3
361 557 3
361 559 2
361 561 2
361 566 3
361 568 3
361 569 2
361 571 1
361 572 5
361 575 2
361 578 3
361 588 3
361 590 1
361 597 3
361 603 4
361 616 3
361 625 3
361 631 2
361 640 3
361 650 3
361 651 4
361 653 4
361 657 4
361 658 5
361 660 3
361 665 2
361 673 3
361 675 3
361 678 2
361 679 2
361 682 2
361 685 3
361 691 5
361 698 3
361 699 3
361 707 4
361 709 3
361 710 3
361 719 3
361 735 3
361 741 3
361 742 3
361 746 4
361 747 3
361 752 3
361 760 2
361 761 2
361 767 2
361 774 2
361 778 4
361 792 3
361 802 3
361 805 3
361 809 3
361 816 1
361 825 3
361 831 2
361 849 1
361 854 5
361 859 2
361 895 2
361 906 5
361 919 3
361 933 2
361 940 2
361 946 3
361 959 3
361 979 2
362 289 2
362 302 4
362 321 4
362 875 1
362 948 4
362 988 1
363 1 3
363 7 3
363 15 3
363 25 3
363 100 4
363 109 3
363 124 3
363 125 3
363 137 3
363 150 4
363 222 3
363 235 2
363 258 4
363 268 4
363 271 2
363 272 3
363 275 3
363 276 3
363 277 3
363 287 3
363 288 3
363 289 3
363 294 3
363 301 3
363 309 4
363 315 3
363 316 4
363 321 3
363 340 3
363 352 5
363 473 3
363 591 4
363 742 3
363 762 2
363 813 3
363 894 5
363 895 3
363 908 1
364 53 4
364 56 5
364 98 5
364 184 4
364 200 5
364 201 5
364 217 5
364 219 3
364 234 5
364 443 4
364 445 1
364 559 3
364 573 1
364 671 3
364 672 4
364 853 5
364 860 3
365 7 4
365 17 3
365 50 4
365 53 4
365 98 5
365 100 5
365 145 2
365 164 4
365 176 4
365 183 5
365 184 4
365 200 4
365 201 4
365 218 4
365 234 4
365 250 4
365 258 5
365 288 4
365 302 4
365 324 4
365 326 4
365 333 4
365 334 4
365 379 3
365 406 3
365 413 3
365 436 5
365 443 4
365 448 5
365 452 3
365 551 3
365 563 3
365 564 2
365 665 3
365 670 4
365 672 3
365 760 1
365 769 2
365 774 3
365 800 3
365 919 5
366 11 3
366 17 3
366 56 3
366 89 3
366 96 4
366 98 4
366 100 4
366 127 3
366 183 4
366 184 3
366 201 3
366 217 2
366 218 3
366 219 2
366 234 4
366 292 3
366 313 4
366 320 4
366 379 3
366 396 3
366 567 1
366 672 3
366 774 2
366 777 3
367 50 5
367 114 5
367 168 4
367 172 5
367 181 5
367 271 3
367 316 5
367 358 3
367 751 4
367 988 2
368 12 3
368 22 3
368 31 3
368 50 3
368 52 3
368 64 3
368 98 3
368 100 4
368 107 2
368 114 3
368 116 4
368 135 3
368 136 3
368 153 4
368 172 4
368 174 3
368 175 4
368 176 3
368 181 4
368 193 3
368 195 3
368 199 4
368 209 3
368 210 3
368 238 4
368 257 3
368 265 3
368 269 4
368 285 4
368 322 3
368 423 3
368 425 2
368 433 3
368 435 4
368 443 3
368 480 3
368 484 3
368 493 5
368 494 3
368 497 2
368 514 3
368 525 4
368 603 3
368 604 3
368 607 2
368 608 3
368 613 3
368 631 3
368 657 3
368 659 3
368 661 3
368 678 2
368 705 3
368 923 2
369 1 4
369 22 5
369 55 4
369 64 4
369 69 4
369 77 3
369 79 4
369 97 4
369 98 4
369 174 4
369 177 4
369 179 4
369 180 4
369 181 5
369 185 4
369 186 4
369 194 4
369 197 4
369 210 4
369 234 4
369 265 5
369 357 4
369 393 4
369 423 4
369 435 4
369 443 4
369 449 4
369 452 5
369 504 4
369 527 4
369 655 4
369 663 4
369 746 4
370 5 5
370 23 4
370 44 4
370 56 3
370 79 4
370 129 4
370 159 4
370 164 4
370 176 4
370 183 5
370 185 4
370 200 3
370 201 4
370 218 4
370 262 4
370 286 4
370 288 4
370 299 4
370 325 3
370 327 4
370 333 4
370 436 4
370 441 1
370 443 5
370 447 4
370 448 1
370 452 3
370 547 5
370 559 4
370 561 3
370 574 5
370 581 5
370 595 5
370 628 4
370 635 2
370 637 4
370 672 4
370 674 3
370 678 3
370 696 3
370 874 3
370 875 3
371 2 4
371 4 5
371 12 5
371 15 4
371 20 3
371 22 4
371 24 5
371 25 4
371 31 4
371 48 4
371 50 5
371 58 4
371 64 5
371 66 4
371 68 3
371 70 4
371 80 4
371 81 5
371 82 4
371 83 5
371 89 5
371 90 3
371 94 3
371 95 4
371 96 4
371 97 4
371 99 4
371 100 5
371 102 4
371 105 2
371 110 2
371 114 3
371 117 4
371 127 5
371 132 4
371 136 5
371 139 1
371 142 4
371 143 3
371 144 4
371 150 4
371 151 4
371 154 5
371 155 3
371 156 4
371 161 4
371 162 4
371 163 3
371 165 4
371 166 1
371 169 5
371 172 5
371 173 5
371 175 5
371 177 5
371 179 5
371 180 4
371 181 5
371 184 5
371 189 5
371 194 5
371 195 5
371 196 4
371 197 5
371 202 5
371 204 5
371 206 3
371 208 5
371 209 5
371 210 4
371 211 5
371 213 4
371 214 5
371 215 5
371 217 4
371 225 3
371 226 4
371 228 5
371 230 4
371 232 4
371 239 4
371 241 3
371 259 2
371 269 4
371 275 4
371 278 5
371 281 4
371 286 4
371 290 4
371 318 5
371 357 5
371 366 4
371 378 3
371 380 5
371 382 4
371 385 5
371 386 3
371 389 2
371 390 1
371 392 4
371 393 4
371 399 5
371 401 4
371 402 4
371 403 5
371 404 5
371 409 3
371 414 4
371 417 4
371 418 4
371 420 5
371 421 4
371 423 4
371 427 5
371 431 4
371 433 4
371 435 5
371 451 4
371 472 4
371 474 5
371 480 4
371 485 5
371 487 5
371 488 4
371 494 3
371 496 4
371 497 3
371 499 4
371 506 5
371 510 5
371 520 4
371 527 5
371 550 5
371 553 4
371 559 4
371 566 4
371 568 4
371 571 2
371 577 5
371 588 4
371 596 3
371 598 4
371 603 4
371 627 4
371 633 5
371 645 5
371 648 5
371 649 4
371 651 5
371 655 5
371 658 4
371 660 4
371 679 4
371 694 5
371 699 4
371 704 3
371 705 4
371 709 4
371 715 3
371 724 5
371 727 2
371 729 4
371 732 4
371 746 4
371 747 4
371 748 3
371 756 3
371 778 3
371 828 1
371 842 4
371 843 2
371 849 4
371 941 4
371 946 4
371 949 4
372 1 4
372 2 4
372 5 4
372 7 4
372 9 5
372 11 4
372 15 3
372 17 4
372 23 4
372 24 4
372 28 5
372 29 3
372 39 4
372 48 5
372 50 4
372 56 5
372 64 5
372 66 4
372 68 3
372 69 4
372 70 4
372 71 4
372 77 4
372 89 5
372 95 4
372 97 4
372 98 5
372 100 5
372 106 4
372 111 4
372 116 5
372 118 4
372 120 2
372 121 4
372 122 2
372 123 4
372 124 5
372 125 4
372 126 3
372 127 4
372 129 4
372 135 5
372 143 4
372 144 4
372 147 3
372 148 4
372 150 5
372 151 4
372 156 5
372 159 4
372 161 3
372 162 4
372 168 5
372 172 4
372 173 5
372 174 4
372 176 4
372 185 5
372 186 4
372 192 5
372 195 5
372 197 5
372 200 5
372 202 4
372 204 4
372 210 4
372 216 4
372 218 4
372 222 4
372 223 4
372 225 4
372 226 4
372 228 4
372 229 4
372 230 4
372 231 3
372 233 4
372 234 5
372 235 3
372 237 4
372 240 4
372 247 4
372 248 5
372 252 4
372 254 2
372 257 4
372 265 5
372 279 5
372 280 1
372 282 4
372 284 4
372 289 4
372 291 4
372 310 4
372 322 4
372 323 3
372 356 4
372 363 4
372 369 2
372 385 3
372 393 4
372 403 4
372 405 4
372 412 3
372 423 4
372 424 4
372 427 5
372 449 3
372 450 3
372 454 1
372 458 3
372 463 4
372 465 4
372 466 5
372 467 5
372 468 4
372 475 4
372 476 3
372 483 5
372 521 4
372 527 4
372 540 3
372 544 2
372 550 4
372 552 5
372 554 3
372 558 4
372 566 4
372 568 4
372 572 4
372 576 4
372 581 5
372 591 4
372 619 5
372 620 3
372 628 4
372 637 4
372 642 3
372 651 4
372 665 4
372 685 4
372 692 3
372 696 4
372 717 3
372 741 4
372 742 4
372 743 5
372 756 3
372 758 1
372 761 5
372 762 4
372 763 4
372 770 4
372 789 5
372 815 3
372 819 5
372 820 3
372 824 3
372 832 3
372 844 5
372 845 4
372 846 5
372 872 5
372 880 4
372 924 5
372 928 4
372 930 3
372 931 3
372 932 3
372 934 3
372 948 2
372 952 3
372 974 1
372 975 3
372 977 4
372 978 5
372 979 2
372 986 1
373 5 4
373 39 3
373 77 4
373 176 4
373 183 4
373 185 4
373 218 4
373 233 4
373 288 3
373 300 4
373 443 4
373 583 5
373 684 4
373 761 5
374 11 4
374 14 4
374 98 4
374 154 4
374 181 4
374 197 5
374 198 4
374 223 4
374 237 3
374 246 4
374 268 4
374 274 4
374 275 4
374 289 3
374 301 3
374 603 4
374 762 3
375 56 4
375 98 4
375 100 5
375 164 4
375 168 4
375 173 4
375 194 4
375 219 3
375 234 4
375 258 5
375 268 4
375 288 4
375 313 4
375 316 5
375 323 3
375 354 4
375 443 4
375 508 4
375 895 4
376 1 4
376 2 3
376 4 4
376 5 4
376 7 4
376 8 4
376 9 4
376 10 4
376 11 4
376 12 5
376 13 3
376 14 4
376 15 4
376 21 2
376 22 5
376 28 4
376 29 3
376 31 3
376 40 2
376 42 3
376 43 2
376 48 4
376 49 3
376 50 5
376 52 4
376 53 3
376 54 3
376 58 4
376 59 4
376 62 4
376 63 3
376 65 4
376 66 4
376 68 3
376 70 4
376 73 4
376 77 4
376 79 4
376 86 4
376 87 4
376 88 3
376 89 4
376 91 3
376 94 3
376 95 4
376 99 4
376 100 5
376 106 3
376 110 1
376 111 4
376 117 4
376 121 3
376 123 4
376 125 4
376 126 3
376 132 4
376 133 4
376 135 4
376 141 4
376 143 4
376 144 4
376 148 4
376 151 4
376 153 4
376 155 3
376 157 4
376 159 3
376 161 4
376 162 3
376 167 3
376 172 4
376 173 5
376 174 5
376 175 4
376 176 4
376 179 4
376 180 4
376 181 4
376 182 4
376 186 4
376 191 4
376 194 4
376 195 5
376 196 4
376 197 4
376 200 4
376 202 4
376 203 3
376 207 3
376 210 4
376 213 4
376 215 4
376 217 3
376 218 4
376 220 4
376 222 4
376 223 4
376 226 3
376 227 4
376 230 4
376 233 3
376 234 4
376 235 2
376 237 4
376 239 4
376 241 3
376 245 3
376 248 3
376 252 3
376 254 1
376 255 4
376 257 4
376 258 4
376 269 4
376 272 4
376 273 4
376 274 4
376 275 4
376 276 4
376 277 5
376 280 3
376 281 3
376 282 4
376 283 4
376 284 4
376 285 5
376 286 4
376 288 4
376 289 3
376 294 4
376 295 4
376 298 4
376 300 4
376 301 4
376 302 4
376 304 4
376 317 4
376 318 5
376 319 4
376 321 3
376 326 4
376 328 3
376 356 3
376 365 3
376 367 4
376 380 5
376 381 3
376 382 4
376 385 4
376 386 3
376 387 3
376 392 4
376 393 4
376 396 4
376 401 4
376 403 4
376 404 4
376 405 4
376 409 3
376 410 3
376 411 3
376 417 3
376 418 4
376 419 4
376 420 4
376 423 5
376 432 4
376 435 4
376 447 4
376 449 4
376 450 2
376 451 4
376 458 4
376 465 4
376 469 3
376 471 5
376 476 3
376 479 5
376 482 4
376 485 4
376 496 4
376 500 4
376 501 3
376 508 4
376 509 4
376 517 3
376 527 4
376 528 4
376 542 2
376 546 3
376 549 3
376 554 3
376 559 3
376 566 4
376 568 4
376 572 5
376 575 3
376 576 3
376 582 4
376 591 4
376 596 3
376 597 3
376 619 5
376 620 1
376 623 5
376 629 4
376 631 3
376 632 4
376 635 4
376 636 4
376 651 4
376 655 4
376 663 3
376 665 3
376 674 2
376 686 5
376 692 4
376 693 5
376 694 4
376 702 1
376 703 4
376 707 1
376 708 3
376 709 4
376 715 2
376 716 4
376 720 3
376 722 3
376 724 1
376 727 5
376 729 3
376 731 4
376 732 3
376 734 3
376 736 4
376 742 4
376 744 4
376 747 4
376 755 4
376 756 2
376 762 3
376 768 5
376 778 4
376 780 3
376 787 2
376 792 3
376 793 4
376 796 3
376 806 4
376 807 2
376 845 3
376 866 4
376 875 1
376 896 1
376 918 4
376 921 5
376 924 4
376 926 2
376 928 3
376 930 3
376 939 4
376 942 4
376 951 4
376 959 1
376 961 3
376 969 3
376 972 3
376 977 3
376 979 5
377 1 5
377 2 4
377 4 5
377 8 5
377 9 5
377 12 5
377 23 5
377 50 5
377 52 5
377 54 4
377 56 5
377 62 5
377 63 4
377 64 5
377 69 4
377 79 5
377 82 5
377 83 5
377 88 4
377 89 5
377 90 4
377 93 4
377 96 5
377 98 5
377 100 5
377 116 4
377 124 5
377 131 4
377 133 5
377 135 5
377 141 5
377 144 5
377 152 4
377 153 4
377 157 5
377 158 5
377 161 4
377 163 4
377 164 5
377 168 5
377 172 5
377 173 5
377 176 5
377 177 5
377 178 5
377 179 5
377 183 5
377 186 5
377 188 5
377 191 5
377 192 5
377 193 5
377 194 5
377 195 5
377 196 4
377 200 4
377 202 4
377 203 5
377 204 5
377 205 4
377 208 5
377 210 5
377 211 4
377 216 4
377 219 4
377 227 4
377 230 5
377 233 4
377 238 5
377 239 5
377 257 5
377 270 5
377 271 4
377 284 4
377 285 5
377 294 5
377 300 5
377 306 5
377 310 5
377 331 5
377 339 4
377 357 5
377 372 4
377 381 4
377 383 2
377 385 4
377 391 4
377 393 4
377 395 5
377 401 5
377 402 4
377 405 5
377 414 5
377 417 4
377 419 4
377 427 5
377 428 5
377 434 3
377 436 5
377 443 5
377 447 5
377 448 5
377 451 5
377 452 4
377 461 5
377 480 5
377 496 5
377 504 5
377 511 5
377 514 5
377 516 5
377 517 5
377 520 5
377 522 4
377 523 5
377 527 5
377 528 5
377 529 5
377 530 5
377 554 4
377 559 4
377 563 4
377 566 5
377 568 5
377 575 3
377 576 4
377 603 5
377 616 5
377 622 3
377 636 4
377 637 4
377 644 5
377 649 4
377 651 5
377 655 5
377 659 5
377 674 4
377 684 5
377 686 5
377 701 4
377 704 4
377 705 5
377 710 5
377 712 5
377 729 5
377 732 4
377 735 4
377 736 5
377 746 5
377 842 5
377 855 5
378 1 3
378 7 4
378 12 4
378 22 4
378 28 3
378 31 3
378 38 3
378 58 3
378 59 3
378 60 2
378 61 3
378 62 3
378 64 4
378 69 3
378 71 4
378 81 3
378 95 3
378 98 3
378 100 4
378 109 3
378 114 4
378 118 3
378 121 3
378 132 4
378 134 3
378 139 3
378 152 3
378 154 3
378 161 3
378 163 3
378 168 4
378 170 4
378 172 4
378 176 3
378 177 3
378 180 3
378 181 4
378 183 3
378 185 3
378 186 3
378 190 4
378 194 3
378 197 3
378 208 3
378 213 4
378 215 3
378 217 3
378 222 3
378 228 3
378 229 3
378 238 4
378 241 3
378 258 4
378 265 4
378 270 4
378 306 4
378 313 4
378 315 4
378 340 3
378 356 3
378 357 3
378 382 3
378 414 4
378 416 5
378 419 4
378 423 3
378 425 3
378 427 4
378 428 3
378 435 3
378 443 3
378 449 3
378 462 4
378 463 4
378 465 1
378 474 4
378 479 3
378 483 4
378 502 3
378 506 4
378 512 5
378 515 4
378 518 3
378 521 3
378 527 3
378 529 4
378 530 3
378 549 3
378 561 1
378 566 4
378 570 3
378 573 3
378 582 3
378 587 3
378 614 4
378 629 3
378 630 2
378 631 4
378 651 4
378 652 4
378 654 3
378 663 3
378 664 1
378 665 3
378 670 4
378 684 3
378 699 4
378 708 4
378 712 2
378 729 3
378 732 3
378 736 3
378 744 3
378 750 3
378 751 3
378 753 3
378 770 4
378 856 4
378 923 3
378 956 1
378 959 3
379 1 4
379 13 4
379 14 4
379 15 4
379 16 3
379 20 4
379 30 2
379 50 4
379 59 4
379 77 3
379 79 4
379 83 4
379 89 5
379 94 4
379 95 4
379 97 4
379 99 4
379 100 5
379 102 3
379 121 4
379 129 4
379 132 4
379 133 4
379 134 4
379 135 4
379 139 3
379 150 4
379 151 3
379 175 4
379 178 4
379 191 4
379 212 4
379 214 4
379 216 4
379 217 3
379 228 5
379 259 2
379 276 4
379 281 3
379 294 3
379 303 4
379 304 4
379 318 4
379 344 3
379 378 4
379 418 3
379 443 4
379 459 3
379 462 4
379 473 4
379 479 4
379 485 4
379 487 4
379 493 5
379 495 4
379 498 4
379 501 4
379 509 4
379 517 4
379 525 5
379 526 4
379 529 4
379 582 4
379 607 1
379 631 4
379 634 3
379 640 3
379 647 4
379 652 4
379 656 5
379 657 4
379 660 4
379 673 4
379 682 2
379 693 1
379 705 4
379 724 4
379 742 4
379 771 4
379 778 3
379 855 4
379 887 5
379 898 2
379 914 2
379 931 3
379 934 3
379 961 4
379 995 3
380 7 4
380 9 4
380 23 4
380 50 4
380 56 4
380 98 4
380 100 5
380 122 2
380 127 5
380 134 4
380 135 4
380 137 4
380 150 4
380 171 4
380 177 4
380 180 4
380 183 5
380 258 4
380 276 3
380 290 3
380 332 3
380 475 4
380 481 4
380 482 3
380 507 4
380 508 4
380 531 4
380 717 3
381 14 5
381 19 5
381 58 5
381 81 5
381 86 5
381 89 5
381 100 5
381 134 5
381 135 5
381 137 5
381 180 5
381 193 5
381 197 5
381 203 4
381 205 4
381 223 4
381 237 4
381 238 5
381 268 5
381 272 5
381 285 5
381 302 5
381 315 5
381 319 4
381 321 4
381 345 5
381 357 5
381 425 4
381 427 5
381 435 5
381 464 5
381 474 5
381 475 5
381 478 5
381 479 5
381 480 5
381 483 5
381 484 5
381 496 4
381 505 4
381 514 5
381 531 5
381 603 5
381 639 4
381 641 5
381 657 5
382 272 4
382 289 4
382 302 5
382 316 5
382 327 4
382 343 3
382 355 4
382 751 4
382 989 3
383 4 3
383 8 3
383 12 3
383 18 3
383 24 3
383 29 2
383 32 3
383 37 1
383 42 3
383 47 3
383 48 4
383 50 3
383 53 3
383 56 3
383 58 4
383 59 4
383 61 3
383 79 3
383 81 3
383 82 3
383 87 4
383 89 4
383 93 4
383 98 4
383 99 3
383 111 3
383 114 3
383 122 2
383 127 4
383 128 4
383 129 3
383 131 2
383 133 3
383 134 4
383 135 4
383 136 3
383 143 3
383 144 3
383 145 2
383 151 3
383 152 2
383 153 3
383 168 4
383 169 4
383 171 4
383 172 4
383 173 4
383 174 4
383 175 3
383 177 4
383 180 3
383 181 4
383 183 4
383 186 3
383 187 4
383 189 3
383 191 4
383 192 4
383 194 4
383 195 4
383 199 4
383 200 3
383 207 3
383 208 4
383 209 3
383 211 3
383 216 3
383 217 3
383 218 3
383 219 2
383 221 4
383 224 3
383 235 2
383 236 2
383 238 4
383 249 3
383 250 3
383 253 4
383 254 1
383 256 3
383 257 3
383 262 4
383 273 3
383 276 3
383 283 4
383 285 4
383 286 3
383 290 3
383 293 4
383 304 3
383 305 3
383 318 4
383 320 4
383 325 3
383 337 2
383 340 3
383 346 3
383 347 3
383 367 2
383 383 1
383 385 3
383 403 3
383 405 3
383 408 3
383 417 3
383 419 3
383 423 3
383 425 3
383 427 3
383 428 4
383 429 3
383 430 4
383 433 4
383 435 4
383 443 3
383 447 3
383 451 3
383 455 3
383 458 3
383 461 3
383 462 3
383 473 3
383 474 4
383 479 4
383 480 4
383 482 3
383 483 4
383 485 3
383 486 3
383 487 4
383 489 3
383 492 4
383 496 4
383 498 4
383 500 4
383 502 3
383 503 3
383 506 4
383 507 3
383 508 3
383 511 4
383 512 3
383 520 4
383 521 3
383 523 4
383 524 2
383 525 3
383 526 3
383 529 3
383 557 3
383 603 3
383 604 3
383 606 3
383 616 3
383 631 3
383 650 3
383 652 3
383 653 4
383 654 3
383 657 4
383 658 3
383 659 3
383 661 3
383 663 3
383 664 3
383 673 3
383 674 4
383 675 5
383 705 4
383 719 2
383 727 3
383 732 3
383 739 3
383 745 5
383 794 3
383 851 5
383 855 3
383 865 5
383 871 2
383 896 2
383 900 2
383 919 4
383 922 4
383 940 2
383 942 2
383 945 3
383 959 3
383 961 5
383 965 4
384 24 4
384 50 4
384 121 4
384 222 4
384 273 4
384 455 4
384 685 3
384 825 3
384 833 1
384 840 3
385 2 3
385 4 4
385 7 3
385 8 4
385 10 4
385 11 3
385 13 3
385 20 3
385 22 3
385 23 4
385 24 3
385 27 3
385 31 3
385 32 4
385 33 3
385 39 2
385 47 3
385 48 4
385 50 4
385 52 3
385 55 4
385 56 4
385 58 4
385 61 3
385 62 4
385 64 4
385 68 3
385 71 4
385 76 4
385 79 3
385 81 3
385 82 3
385 83 4
385 89 4
385 91 3
385 92 3
385 93 4
385 96 3
385 97 3
385 98 4
385 99 4
385 101 3
385 102 3
385 113 4
385 114 4
385 116 4
385 117 3
385 121 3
385 123 3
385 127 4
385 129 3
385 133 3
385 135 4
385 136 4
385 144 4
385 147 3
385 151 3
385 152 3
385 156 3
385 161 3
385 168 4
385 169 4
385 176 4
385 180 4
385 181 3
385 182 3
385 183 4
385 184 4
385 186 4
385 187 4
385 189 4
385 190 4
385 192 3
385 193 4
385 194 4
385 195 4
385 196 4
385 197 4
385 198 3
385 200 3
385 201 3
385 202 4
385 203 3
385 205 3
385 206 3
385 208 4
385 209 4
385 210 4
385 211 4
385 215 3
385 217 3
385 218 3
385 219 2
385 222 4
385 223 4
385 224 4
385 226 3
385 228 4
385 229 3
385 230 4
385 231 3
385 233 4
385 238 4
385 241 3
385 246 4
385 248 3
385 250 3
385 258 4
385 265 3
385 268 4
385 273 3
385 277 3
385 288 3
385 289 3
385 293 3
385 294 2
385 295 5
385 298 3
385 317 4
385 318 4
385 319 2
385 320 4
385 321 3
385 325 3
385 333 3
385 357 3
385 380 4
385 381 3
385 385 3
385 393 4
385 403 3
385 410 2
385 414 4
385 418 3
385 423 3
385 428 4
385 429 4
385 430 4
385 431 3
385 432 4
385 435 4
385 436 4
385 441 1
385 444 3
385 446 4
385 447 3
385 448 2
385 455 3
385 458 2
385 461 2
385 463 4
385 473 3
385 474 4
385 475 3
385 477 2
385 488 4
385 496 4
385 508 3
385 511 4
385 514 4
385 515 4
385 520 4
385 526 3
385 528 4
385 547 3
385 549 4
385 558 1
385 559 2
385 561 1
385 564 2
385 566 4
385 569 5
385 578 3
385 580 4
385 582 2
385 583 1
385 593 3
385 603 4
385 619 1
385 625 3
385 642 4
385 650 3
385 651 4
385 659 4
385 663 3
385 672 1
385 674 3
385 678 3
385 679 3
385 684 3
385 692 3
385 693 1
385 697 5
385 715 3
385 732 3
385 735 4
385 737 1
385 742 3
385 744 4
385 768 1
385 769 3
385 772 1
385 773 1
385 774 4
385 789 1
385 790 5
385 806 5
385 844 2
385 845 3
385 854 1
385 856 5
385 919 5
385 942 2
385 943 3
385 952 5
385 969 4
385 972 2
385 984 2
386 5 4
386 56 5
386 100 5
386 111 5
386 117 5
386 147 5
386 184 4
386 237 4
386 259 4
386 288 4
386 298 5
386 307 4
386 310 5
386 315 5
386 323 4
386 326 4
386 333 5
386 508 5
386 569 3
386 591 5
386 628 5
386 678 4
386 680 4
386 682 4
386 690 4
386 742 5
386 769 1
386 773 1
386 816 5
386 845 4
386 871 4
386 895 4
387 4 4
387 8 4
387 23 4
387 25 4
387 28 4
387 29 4
387 38 4
387 40 4
387 42 4
387 47 5
387 50 4
387 53 3
387 56 4
387 58 4
387 59 4
387 64 5
387 65 4
387 66 4
387 69 4
387 72 3
387 77 3
387 79 4
387 80 1
387 82 4
387 88 4
387 90 3
387 94 4
387 95 4
387 98 5
387 99 4
387 100 5
387 105 3
387 109 4
387 111 3
387 118 4
387 127 5
387 131 3
387 132 4
387 136 4
387 142 3
387 151 4
387 152 3
387 153 4
387 154 4
387 159 4
387 160 3
387 167 1
387 168 4
387 172 4
387 173 5
387 174 5
387 176 4
387 178 4
387 179 4
387 181 4
387 185 5
387 186 4
387 191 4
387 194 4
387 197 4
387 202 5
387 204 4
387 205 5
387 208 4
387 210 4
387 211 4
387 216 4
387 217 5
387 234 4
387 238 5
387 249 4
387 275 4
387 283 4
387 285 4
387 300 4
387 301 4
387 346 5
387 378 4
387 383 2
387 384 3
387 393 4
387 395 2
387 396 5
387 401 5
387 404 4
387 407 4
387 410 3
387 411 4
387 414 4
387 416 4
387 420 5
387 423 4
387 428 5
387 429 4
387 435 4
387 451 4
387 454 3
387 467 2
387 471 4
387 474 5
387 475 3
387 477 4
387 478 4
387 479 4
387 480 4
387 481 5
387 483 5
387 484 4
387 490 4
387 491 4
387 492 5
387 493 5
387 497 4
387 498 4
387 499 4
387 501 3
387 502 4
387 503 4
387 504 4
387 506 4
387 507 4
387 509 3
387 510 4
387 514 4
387 517 4
387 518 4
387 519 4
387 520 4
387 525 5
387 526 4
387 550 4
387 558 4
387 568 4
387 583 5
387 584 4
387 588 5
387 591 4
387 602 5
387 604 3
387 605 5
387 607 5
387 610 5
387 612 3
387 613 1
387 615 1
387 616 4
387 630 5
387 631 4
387 642 4
387 649 5
387 656 3
387 657 5
387 661 4
387 662 3
387 671 1
387 674 2
387 693 5
387 699 4
387 700 2
387 705 4
387 712 1
387 715 3
387 731 1
387 732 4
387 736 4
387 739 4
387 756 3
387 763 4
387 778 4
387 780 1
387 785 4
387 792 5
387 820 3
387 824 4
387 835 4
387 836 4
387 845 4
387 847 2
387 923 4
387 926 3
387 942 3
387 945 2
387 954 3
387 997 2
388 1 4
388 9 4
388 13 4
388 126 5
388 258 4
388 275 4
388 302 4
388 304 4
388 319 3
388 328 4
388 329 4
388 331 4
388 740 3
388 742 4
388 845 4
388 989 3
389 9 4
389 11 3
389 12 4
389 15 4
389 22 4
389 31 4
389 47 3
389 48 4
389 56 4
389 58 4
389 59 5
389 60 5
389 64 5
389 69 4
389 71 4
389 76 2
389 89 4
389 97 4
389 100 5
389 127 4
389 132 4
389 134 5
389 148 4
389 168 4
389 173 4
389 182 4
389 188 4
389 191 4
389 195 4
389 197 5
389 200 3
389 203 4
389 204 4
389 205 4
389 213 5
389 215 4
389 222 4
389 234 4
389 237 4
389 238 4
389 258 4
389 264 3
389 276 4
389 282 4
389 286 4
389 288 3
389 294 4
389 300 4
389 318 4
389 334 4
389 357 3
389 421 4
389 458 3
389 460 3
389 471 4
389 474 5
389 479 4
389 480 4
389 482 4
389 490 4
389 491 4
389 498 4
389 504 4
389 507 3
389 508 4
389 510 4
389 511 4
389 527 4
389 530 4
389 544 4
389 546 4
389 603 4
389 604 4
389 628 4
389 646 3
389 659 4
389 661 4
389 678 3
389 748 3
389 772 3
389 774 5
389 963 3
390 8 4
390 23 5
390 58 4
390 59 5
390 99 4
390 114 4
390 129 4
390 166 4
390 169 4
390 170 4
390 172 4
390 173 4
390 178 5
390 179 4
390 180 4
390 181 5
390 189 4
390 191 4
390 197 5
390 199 4
390 200 4
390 209 4
390 244 1
390 248 4
390 249 3
390 250 4
390 255 4
390 257 4
390 260 3
390 268 4
390 270 3
390 271 3
390 272 4
390 276 4
390 285 4
390 288 4
390 289 3
390 293 4
390 294 4
390 297 4
390 300 4
390 302 4
390 303 4
390 304 4
390 310 4
390 312 4
390 313 4
390 319 4
390 321 4
390 323 3
390 324 4
390 325 2
390 328 4
390 333 4
390 340 4
390 344 3
390 345 1
390 346 4
390 347 4
390 463 4
390 482 4
390 491 4
390 492 4
390 493 4
390 511 4
390 515 5
390 534 4
390 538 5
390 615 3
390 632 5
390 650 4
390 663 4
390 705 4
390 813 4
390 847 4
390 872 3
390 873 3
390 880 5
391 2 3
391 3 1
391 4 3
391 5 3
391 7 4
391 11 5
391 12 4
391 15 4
391 17 1
391 21 3
391 22 5
391 24 4
391 25 4
391 26 1
391 27 1
391 28 4
391 29 2
391 31 4
391 36 2
391 38 3
391 40 3
391 41 1
391 42 3
391 48 5
391 49 3
391 50 5
391 51 4
391 54 3
391 55 4
391 56 4
391 58 3
391 62 3
391 64 5
391 65 3
391 67 4
391 68 3
391 69 4
391 70 4
391 71 4
391 73 3
391 78 3
391 79 4
391 81 4
391 83 4
391 84 5
391 85 4
391 86 4
391 87 4
391 88 3
391 90 3
391 94 4
391 95 4
391 99 4
391 100 4
391 105 4
391 108 4
391 109 3
391 110 2
391 111 4
391 117 3
391 118 4
391 122 2
391 123 3
391 126 5
391 128 3
391 132 4
391 135 5
391 136 5
391 138 1
391 139 3
391 142 3
391 144 4
391 147 4
391 148 3
391 153 4
391 154 4
391 161 4
391 168 4
391 169 5
391 172 4
391 173 4
391 181 4
391 184 3
391 186 5
391 189 5
391 191 4
391 194 5
391 196 4
391 202 4
391 203 4
391 204 4
391 206 4
391 215 4
391 222 4
391 223 4
391 227 3
391 228 4
391 233 4
391 237 4
391 239 5
391 240 3
391 241 3
391 243 2
391 245 2
391 252 4
391 255 4
391 257 3
391 258 5
391 265 4
391 270 4
391 271 4
391 273 4
391 274 4
391 275 4
391 278 4
391 280 2
391 281 3
391 283 4
391 290 2
391 291 4
391 294 3
391 298 4
391 303 4
391 313 5
391 316 5
391 317 5
391 318 4
391 321 3
391 323 3
391 328 4
391 333 4
391 338 1
391 342 3
391 344 5
391 347 4
391 354 4
391 355 3
391 356 3
391 357 4
391 362 4
391 363 5
391 364 2
391 365 3
391 366 2
391 369 5
391 373 2
391 374 4
391 376 3
391 377 1
391 378 5
391 380 4
391 385 4
391 386 5
391 391 3
391 393 4
391 394 1
391 396 3
391 403 4
391 404 4
391 405 4
391 409 5
391 410 3
391 412 3
391 415 3
391 417 3
391 418 4
391 419 3
391 420 4
391 421 4
391 423 4
391 431 4
391 443 4
391 456 2
391 465 5
391 470 2
391 471 4
391 472 4
391 473 3
391 476 2
391 477 4
391 479 4
391 480 4
391 496 4
391 497 4
391 500 5
391 501 4
391 527 4
391 538 1
391 539 2
391 540 3
391 544 3
391 546 3
391 550 5
391 552 4
391 553 2
391 554 5
391 559 3
391 561 3
391 566 4
391 568 4
391 569 1
391 571 1
391 576 3
391 578 3
391 588 4
391 591 4
391 596 4
391 597 4
391 622 3
391 623 3
391 628 4
391 630 4
391 633 2
391 636 3
391 644 4
391 651 4
391 655 4
391 659 3
391 672 2
391 681 4
391 683 4
391 685 3
391 686 4
391 687 1
391 690 3
391 692 3
391 696 3
391 705 4
391 710 3
391 715 3
391 717 3
391 721 3
391 722 4
391 725 3
391 727 3
391 728 3
391 731 4
391 737 2
391 739 4
391 742 4
391 747 4
391 751 3
391 755 3
391 756 3
391 761 5
391 763 4
391 771 2
391 775 3
391 778 1
391 779 2
391 780 5
391 781 5
391 783 4
391 789 4
391 792 4
391 794 3
391 797 3
391 802 3
391 805 4
391 808 1
391 810 4
391 812 1
391 815 3
391 821 2
391 824 2
391 825 3
391 826 1
391 831 3
391 836 5
391 840 3
391 841 2
391 842 4
391 843 2
391 845 4
391 870 4
391 871 2
391 876 1
391 879 3
391 890 5
391 905 5
391 922 3
391 929 3
391 930 3
391 932 5
391 939 5
391 940 2
391 944 1
391 949 3
391 951 5
391 953 4
391 964 5
391 977 2
391 996 2
391 997 1
391 999 4
391 1000 3
392 1 5
392 7 5
392 28 5
392 31 5
392 38 4
392 39 4
392 42 4
392 56 5
392 63 4
392 68 5
392 72 4
392 73 5
392 79 5
392 84 5
392 88 5
392 96 5
392 97 5
392 98 5
392 101 4
392 117 5
392 121 4
392 128 4
392 132 4
392 144 4
392 154 5
392 156 4
392 158 5
392 161 4
392 164 5
392 172 5
392 174 5
392 179 5
392 181 5
392 184 4
392 195 5
392 208 4
392 210 5
392 216 5
392 217 4
392 218 5
392 222 4
392 226 4
392 227 5
392 229 4
392 230 5
392 232 4
392 233 4
392 238 5
392 250 4
392 257 4
392 265 5
392 282 5
392 288 4
392 313 5
392 364 1
392 383 4
392 385 4
392 386 4
392 411 4
392 416 5
392 419 5
392 423 5
392 433 5
392 449 4
392 450 4
392 455 4
392 496 5
392 508 5
392 540 3
392 541 5
392 550 4
392 552 5
392 554 4
392 559 4
392 561 2
392 568 4
392 576 4
392 578 5
392 597 5
392 655 5
392 658 5
392 665 4
392 679 4
392 746 5
392 763 4
392 771 4
392 773 5
392 780 3
392 797 5
392 802 4
392 979 4
393 1 4
393 50 5
393 64 5
393 89 4
393 97 4
393 98 5
393 100 4
393 121 3
393 151 4
393 154 4
393 174 4
393 186 4
393 196 4
393 210 4
393 216 4
393 237 4
393 252 3
393 255 5
393 257 4
393 273 4
393 313 4
393 315 4
393 328 4
393 342 4
393 343 4
393 423 4
393 458 3
393 472 3
393 632 4
393 739 3
393 892 3
393 924 3
394 1 3
394 9 4
394 25 3
394 100 4
394 106 3
394 117 4
394 121 3
394 125 4
394 222 4
394 237 3
394 245 3
394 260 3
394 274 4
394 291 3
394 300 3
394 322 3
394 328 3
394 329 4
394 333 3
394 405 3
394 455 4
394 471 3
394 591 4
394 619 4
394 678 3
394 717 3
394 751 3
394 840 2
394 930 3
394 977 5
394 986 4
395 7 4
395 8 4
395 23 4
395 56 4
395 95 4
395 100 5
395 108 4
395 109 4
395 117 4
395 127 4
395 134 4
395 135 4
395 156 4
395 171 4
395 172 4
395 174 5
395 177 4
395 178 5
395 181 5
395 183 5
395 192 4
395 194 5
395 197 5
395 210 4
395 221 3
395 223 5
395 261 1
395 268 4
395 286 4
395 288 4
395 302 4
395 313 5
395 318 5
395 322 3
395 324 3
395 325 3
395 327 4
395 334 3
395 338 3
395 340 4
395 345 4
395 346 4
395 390 5
395 423 5
395 457 2
395 475 4
395 479 4
395 483 5
395 498 4
395 513 4
395 588 4
395 615 5
395 641 4
395 657 5
395 680 1
395 705 4
395 748 3
395 751 3
395 853 5
395 855 4
395 878 3
395 894 2
395 896 4
395 988 2
395 989 4
395 991 3
396 4 4
396 12 4
396 13 4
396 15 4
396 25 4
396 28 4
396 31 4
396 47 4
396 49 4
396 50 4
396 56 4
396 58 4
396 63 3
396 64 4
396 65 4
396 66 4
396 69 3
396 70 4
396 72 4
396 73 4
396 82 4
396 85 5
396 88 4
396 94 4
396 95 4
396 117 4
396 124 4
396 125 4
396 126 3
396 127 4
396 144 4
396 152 4
396 154 4
396 159 4
396 162 3
396 163 3
396 167 4
396 168 4
396 172 4
396 173 4
396 174 4
396 178 4
396 181 4
396 182 4
396 183 5
396 186 4
396 191 4
396 194 4
396 196 4
396 197 4
396 199 4
396 202 4
396 203 4
396 204 4
396 205 4
396 211 4
396 216 4
396 227 4
396 228 4
396 229 3
396 230 4
396 234 4
396 235 3
396 239 4
396 274 4
396 276 4
396 284 3
396 357 4
396 385 3
396 393 4
396 399 4
396 403 4
396 414 3
396 417 3
396 423 4
396 429 4
396 430 5
396 432 4
396 435 5
396 474 4
396 476 3
396 479 4
396 480 4
396 481 5
396 485 4
396 491 5
396 493 1
396 494 4
396 495 3
396 496 3
396 497 2
396 498 4
396 501 3
396 502 3
396 504 4
396 510 5
396 514 4
396 519 4
396 520 5
396 521 4
396 525 1
396 588 4
396 589 3
396 591 4
396 602 3
396 648 2
396 654 5
396 663 3
396 692 4
396 700 2
396 710 4
396 715 2
396 732 4
396 735 4
396 737 2
396 756 3
396 796 3
396 953 5
396 969 2
396 991 3
396 993 3
397 2 2
397 5 3
397 8 3
397 9 5
397 15 4
397 22 3
397 26 3
397 31 3
397 33 4
397 38 3
397 41 3
397 42 4
397 48 3
397 53 2
397 55 4
397 56 3
397 57 5
397 58 3
397 62 3
397 63 2
397 66 4
397 67 3
397 68 5
397 69 3
397 71 4
397 72 1
397 73 4
397 77 1
397 79 3
397 80 3
397 84 5
397 91 5
397 94 4
397 95 4
397 97 4
397 98 4
397 99 4
397 102 2
397 110 2
397 114 4
397 117 3
397 118 3
397 121 4
397 127 4
397 128 3
397 132 3
397 140 2
397 143 4
397 144 4
397 147 3
397 148 3
397 153 4
397 154 3
397 155 5
397 156 4
397 157 3
397 161 4
397 164 3
397 172 3
397 173 1
397 174 4
397 175 4
397 179 4
397 180 4
397 181 4
397 186 4
397 187 4
397 188 2
397 195 4
397 196 4
397 203 5
397 204 3
397 210 3
397 214 5
397 215 3
397 219 4
397 223 4
397 226 1
397 227 3
397 228 3
397 229 3
397 230 3
397 231 1
397 233 3
397 234 4
397 237 3
397 238 2
397 239 4
397 241 3
397 264 3
397 265 3
397 268 4
397 273 4
397 274 4
397 276 4
397 282 5
397 284 3
397 288 4
397 289 3
397 291 4
397 295 4
397 301 3
397 307 3
397 318 4
397 323 3
397 332 3
397 338 3
397 340 3
397 364 2
397 372 4
397 378 2
397 382 2
397 383 5
397 384 2
397 385 4
397 386 1
397 388 2
397 389 1
397 393 4
397 399 3
397 400 1
397 401 4
397 402 4
397 403 2
397 405 4
397 407 3
397 412 2
397 413 3
397 418 5
397 420 4
397 423 4
397 431 3
397 432 2
397 436 4
397 444 5
397 450 3
397 451 5
397 452 3
397 454 2
397 455 2
397 459 4
397 470 5
397 471 3
397 475 3
397 486 4
397 496 4
397 501 4
397 506 4
397 508 3
397 527 4
397 531 3
397 542 3
397 543 3
397 544 3
397 546 3
397 549 4
397 550 2
397 551 2
397 554 2
397 559 1
397 564 2
397 566 1
397 568 4
397 575 3
397 576 3
397 578 3
397 582 3
397 587 3
397 588 4
397 591 4
397 597 4
397 616 4
397 622 3
397 628 5
397 633 4
397 651 4
397 655 3
397 673 4
397 679 3
397 684 4
397 693 4
397 697 3
397 710 3
397 720 4
397 722 3
397 727 2
397 732 2
397 735 2
397 738 2
397 742 4
397 744 4
397 747 2
397 754 5
397 755 3
397 760 1
397 763 3
397 768 4
397 769 2
397 772 2
397 774 2
397 779 1
397 781 3
397 806 4
397 809 3
397 813 4
397 817 2
397 824 4
397 825 4
397 826 2
397 845 4
397 924 2
397 926 3
397 928 1
397 941 1
397 946 3
397 959 4
397 969 3
397 975 2
397 977 2
397 986 5
398 258 5
398 286 4
398 288 3
398 294 3
398 300 3
398 304 4
398 332 4
398 689 3
398 690 3
399 9 4
399 11 3
399 13 2
399 14 4
399 25 3
399 26 1
399 44 3
399 50 3
399 64 3
399 65 3
399 69 3
399 70 3
399 71 3
399 83 3
399 97 3
399 100 4
399 117 3
399 127 3
399 133 3
399 135 3
399 143 3
399 144 3
399 147 3
399 151 2
399 153 3
399 154 3
399 157 3
399 161 3
399 162 3
399 172 3
399 173 3
399 174 3
399 181 4
399 194 3
399 196 3
399 197 3
399 198 3
399 199 3
399 202 3
399 204 3
399 210 3
399 225 2
399 248 3
399 257 3
399 272 3
399 273 2
399 275 3
399 276 3
399 280 3
399 282 3
399 294 2
399 302 3
399 312 3
399 315 4
399 316 4
399 321 3
399 322 2
399 328 3
399 342 5
399 356 3
399 357 4
399 365 4
399 371 3
399 385 3
399 404 3
399 430 2
399 435 3
399 451 4
399 462 3
399 471 3
399 473 2
399 477 2
399 478 4
399 481 1
399 483 3
399 485 3
399 486 2
399 493 3
399 499 4
399 501 2
399 507 3
399 508 3
399 509 3
399 511 3
399 515 3
399 519 3
399 520 3
399 527 3
399 528 3
399 535 3
399 553 3
399 566 3
399 582 2
399 588 3
399 603 3
399 604 4
399 609 3
399 630 3
399 632 3
399 638 3
399 651 3
399 654 3
399 655 3
399 659 3
399 661 3
399 684 3
399 707 3
399 724 3
399 735 3
399 748 2
399 762 2
399 815 2
399 866 3
399 892 1
400 7 5
400 9 5
400 10 5
400 12 5
400 13 4
400 16 4
400 19 1
400 25 4
400 42 4
400 50 5
400 111 4
400 116 4
400 117 4
400 124 5
400 126 5
400 127 5
400 135 5
400 151 4
400 182 4
400 204 4
400 235 4
400 237 4
400 245 4
400 255 4
400 257 5
400 273 4
400 276 4
400 286 5
400 455 5
400 471 4
400 475 5
400 476 3
400 479 5
400 480 5
400 483 5
400 511 5
400 515 5
400 529 5
400 628 4
400 696 3
400 864 3
