201 1 5
201 111 4
201 268 5
201 283 4
201 291 4
201 305 5
201 331 5
201 740 4
202 259 2
202 292 4
202 682 2
202 872 1
202 877 2
202 880 5
202 887 5
202 895 3
202 948 3
203 7 4
203 9 4
203 100 4
203 106 3
203 111 4
203 117 4
203 118 3
203 121 4
203 123 3
203 129 4
203 148 3
203 181 3
203 222 3
203 235 3
203 274 3
203 276 4
203 284 3
203 291 3
203 370 2
203 410 3
203 471 3
203 472 3
203 515 4
203 546 2
203 597 3
203 685 4
203 748 3
203 845 3
203 864 3
203 866 3
203 925 3
203 928 3
204 22 4
204 66 4
204 243 4
204 245 4
204 258 4
204 259 4
204 269 4
204 270 4
204 289 4
204 300 4
204 307 4
204 310 4
204 313 4
204 323 4
204 327 4
204 331 4
204 333 4
204 342 4
204 343 4
204 348 4
204 678 4
204 683 4
204 687 4
204 689 4
204 690 4
204 748 4
204 754 4
204 879 4
204 892 4
204 901 4
205 2 2
205 5 2
205 8 3
205 11 3
205 12 3
205 22 3
205 23 3
205 28 2
205 29 1
205 30 1
205 31 3
205 32 1
205 33 2
205 37 1
205 38 2
205 39 2
205 40 3
205 41 1
205 42 3
205 43 1
205 45 2
205 47 2
205 48 2
205 49 2
205 50 3
205 51 2
205 52 2
205 53 1
205 55 3
205 56 3
205 57 1
205 58 2
205 60 1
205 61 2
205 62 2
205 63 2
205 64 3
205 66 2
205 67 1
205 68 2
205 70 3
205 71 3
205 72 2
205 73 3
205 75 3
205 76 2
205 77 2
205 78 5
205 80 3
205 81 2
205 82 2
205 83 2
205 85 1
205 87 3
205 88 3
205 90 2
205 91 2
205 92 2
205 94 2
205 96 2
205 97 3
205 98 2
205 101 2
205 102 2
205 127 3
205 132 3
205 135 3
205 139 1
205 141 3
205 142 2
205 149 1
205 161 2
205 168 3
205 169 3
205 172 3
205 173 3
205 175 3
205 178 3
205 179 2
205 180 3
205 183 3
205 184 2
205 185 2
205 186 3
205 188 2
205 189 3
205 190 2
205 191 3
205 192 3
205 193 2
205 195 3
205 197 3
205 198 2
205 199 3
205 200 2
205 202 3
205 204 2
205 206 5
205 207 1
205 208 3
205 210 3
205 211 2
205 212 2
205 214 2
205 215 3
205 216 3
205 217 1
205 218 2
205 219 2
205 226 3
205 227 2
205 228 3
205 229 2
205 230 2
205 231 1
205 232 2
205 233 3
205 234 3
205 238 3
205 239 3
205 265 3
205 288 2
205 302 3
205 308 5
205 317 3
205 318 3
205 347 3
205 350 2
205 351 1
205 356 3
205 361 2
205 364 2
205 365 2
205 366 4
205 367 2
205 371 2
205 374 2
205 376 2
205 377 1
205 379 1
205 383 1
205 384 1
205 386 1
205 387 2
205 388 1
205 391 2
205 393 3
205 395 2
205 396 2
205 397 1
205 399 3
205 400 1
205 402 2
205 403 2
205 404 3
205 414 3
205 415 1
205 416 2
205 417 2
205 419 2
205 420 3
205 421 2
205 422 2
205 423 3
205 426 2
205 427 3
205 430 3
205 431 2
205 433 2
205 434 3
205 437 5
205 438 1
205 439 5
205 440 1
205 441 1
205 442 1
205 444 5
205 446 3
205 447 2
205 448 2
205 449 2
205 450 1
205 451 2
205 452 1
205 453 1
205 461 2
205 462 3
205 463 4
205 464 3
205 465 2
205 467 5
205 469 2
205 470 3
205 480 2
205 482 2
205 501 2
205 504 2
205 509 2
205 510 3
205 511 3
205 514 3
205 515 3
205 516 2
205 517 2
205 518 3
205 519 3
205 520 3
205 521 1
205 522 2
205 523 3
205 524 5
205 525 3
205 526 2
205 527 3
205 528 3
205 529 3
205 530 3
205 536 3
205 537 2
205 540 2
205 541 1
205 543 1
205 545 1
205 548 2
205 549 2
205 551 5
205 552 3
205 553 2
205 555 2
205 556 1
205 557 2
205 558 5
205 559 1
205 560 2
205 561 1
205 562 2
205 563 1
205 564 5
205 565 1
205 566 3
205 567 1
205 568 2
205 569 1
205 570 3
205 573 1
205 574 1
205 575 1
205 577 2
205 578 2
205 579 2
205 580 2
205 581 2
205 583 2
205 584 3
205 585 3
205 586 2
205 588 3
205 592 2
205 593 3
205 603 3
205 606 2
205 622 1
205 623 1
205 624 4
205 625 2
205 626 3
205 627 3
205 639 2
205 642 2
205 643 2
205 644 1
205 645 2
205 647 3
205 648 1
205 649 2
205 650 2
205 651 3
205 652 2
205 653 2
205 654 2
205 655 2
205 656 3
205 659 2
205 661 3
205 662 3
205 664 1
205 666 2
205 667 1
205 669 2
205 670 5
205 671 5
205 673 3
205 674 2
205 675 3
205 679 2
205 684 3
205 692 2
205 693 2
205 694 1
205 695 1
205 697 1
205 699 3
205 700 1
205 702 1
205 707 2
205 708 1
205 710 5
205 712 3
205 714 2
205 715 2
205 716 2
205 719 1
205 720 2
205 721 1
205 722 2
205 723 1
205 726 3
205 727 1
205 728 1
205 729 2
205 731 2
205 732 2
205 734 2
205 736 3
205 739 2
205 745 3
205 746 2
205 747 2
205 753 2
205 755 2
205 759 1
205 761 2
205 765 2
205 768 2
205 769 2
205 770 1
205 771 1
205 772 1
205 773 4
205 774 2
205 775 2
205 776 1
205 777 2
205 778 2
205 779 2
205 780 2
205 782 1
205 783 2
205 784 1
205 785 2
205 786 2
205 787 2
205 788 1
205 789 4
205 790 2
205 791 2
205 793 2
205 794 3
205 795 1
205 796 2
205 798 1
205 802 2
205 807 1
205 808 2
205 810 1
205 812 1
205 816 5
205 842 1
205 843 4
205 849 1
205 851 4
205 853 4
205 854 5
205 855 2
205 858 1
205 859 1
205 860 1
205 861 2
205 904 1
205 921 2
205 939 3
205 941 1
205 943 2
205 944 1
205 946 2
205 947 2
205 949 2
205 951 3
205 953 1
205 955 1
205 956 1
205 957 1
205 959 3
205 960 3
205 964 2
205 969 1
205 971 2
205 994 2
205 996 1
205 997 1
205 999 3
206 1 3
206 3 3
206 4 3
206 5 3
206 7 3
206 8 3
206 10 3
206 11 3
206 12 3
206 13 2
206 14 4
206 15 3
206 20 3
206 22 3
206 24 2
206 25 2
206 28 3
206 30 3
206 32 3
206 39 2
206 40 2
206 42 3
206 47 3
206 48 2
206 50 3
206 52 3
206 58 3
206 63 2
206 64 4
206 69 3
206 71 3
206 72 2
206 79 3
206 85 3
206 86 3
206 87 3
206 89 3
206 92 3
206 93 3
206 96 3
206 99 3
206 115 5
206 117 2
206 121 2
206 123 3
206 125 2
206 127 3
206 129 3
206 131 3
206 132 3
206 133 3
206 134 3
206 135 3
206 136 4
206 143 3
206 148 2
206 151 2
206 152 1
206 153 3
206 156 3
206 158 4
206 164 3
206 168 3
206 170 3
206 172 3
206 173 3
206 174 3
206 175 3
206 179 3
206 181 3
206 182 3
206 183 3
206 186 3
206 187 3
206 188 3
206 190 3
206 191 3
206 194 3
206 195 3
206 196 3
206 198 3
206 199 3
206 202 2
206 203 3
206 204 2
206 206 1
206 209 3
206 211 4
206 212 1
206 213 3
206 215 2
206 218 3
206 219 2
206 220 1
206 222 3
206 228 3
206 234 3
206 235 1
206 237 3
206 238 3
206 239 3
206 240 2
206 274 3
206 275 3
206 276 3
206 277 2
206 284 2
206 289 2
206 317 3
206 318 4
206 357 3
206 368 1
206 381 3
206 396 2
206 404 2
206 405 2
206 410 2
206 411 2
206 414 3
206 418 3
206 419 2
206 420 3
206 421 3
206 427 3
206 428 3
206 429 4
206 430 2
206 431 3
206 434 1
206 435 3
206 436 4
206 443 3
206 447 3
206 451 3
206 452 4
206 453 2
206 461 3
206 463 3
206 468 2
206 469 2
206 474 3
206 476 1
206 479 3
206 480 3
206 481 3
206 482 3
206 485 3
206 487 3
206 488 3
206 490 4
206 496 3
206 498 3
206 499 3
206 501 3
206 503 1
206 504 3
206 505 3
206 507 3
206 508 3
206 509 3
206 511 3
206 514 3
206 515 3
206 517 2
206 519 3
206 520 3
206 523 3
206 524 1
206 526 3
206 527 3
206 528 3
206 529 3
206 543 2
206 559 2
206 561 2
206 573 3
206 582 3
206 588 3
206 589 4
206 591 3
206 596 3
206 605 3
206 606 3
206 607 2
206 608 5
206 610 3
206 611 3
206 612 3
206 624 2
206 632 3
206 633 5
206 634 4
206 638 3
206 639 3
206 640 2
206 641 3
206 642 2
206 645 1
206 647 3
206 651 3
206 652 2
206 655 3
206 662 3
206 663 2
206 664 1
206 665 2
206 672 1
206 675 2
206 692 2
206 693 1
206 699 3
206 701 2
206 705 2
206 712 5
206 713 3
206 715 2
206 727 3
206 732 2
206 735 3
206 737 2
206 745 3
206 746 2
206 747 3
206 756 2
206 772 1
206 787 2
206 813 3
206 823 3
206 825 3
206 826 1
206 831 2
206 845 3
206 919 4
206 921 5
206 923 4
206 942 3
206 960 2
206 962 1
207 1 4
207 2 4
207 4 4
207 8 4
207 25 4
207 28 4
207 29 4
207 40 4
207 45 4
207 50 4
207 56 4
207 62 4
207 68 4
207 69 4
207 70 4
207 82 4
207 88 4
207 89 4
207 91 4
207 96 4
207 97 4
207 98 4
207 99 4
207 100 4
207 117 4
207 118 4
207 123 4
207 127 4
207 132 4
207 135 4
207 143 4
207 144 4
207 147 4
207 157 4
207 158 4
207 159 4
207 161 4
207 163 4
207 172 4
207 173 4
207 174 4
207 177 4
207 179 4
207 180 4
207 181 4
207 182 4
207 183 4
207 185 4
207 186 4
207 188 4
207 193 4
207 194 4
207 196 4
207 197 4
207 200 4
207 201 4
207 202 4
207 203 4
207 205 4
207 208 4
207 209 4
207 211 4
207 214 4
207 215 4
207 216 4
207 217 4
207 218 4
207 222 4
207 223 4
207 226 4
207 227 4
207 228 4
207 229 4
207 230 4
207 231 4
207 232 4
207 235 4
207 238 4
207 239 4
207 244 4
207 248 4
207 249 4
207 250 4
207 255 4
207 257 4
207 265 4
207 269 4
207 274 4
207 286 4
207 289 4
207 290 4
207 291 4
207 313 4
207 316 4
207 345 4
207 357 4
207 371 4
207 382 4
207 385 4
207 393 4
207 399 4
207 400 4
207 405 4
207 416 4
207 418 4
207 423 4
207 427 4
207 428 4
207 432 4
207 433 4
207 436 4
207 447 4
207 448 4
207 449 4
207 455 4
207 466 4
207 476 4
207 478 4
207 479 4
207 483 4
207 484 4
207 493 4
207 496 4
207 502 4
207 508 4
207 510 4
207 514 4
207 519 4
207 521 4
207 525 4
207 559 4
207 561 4
207 565 4
207 588 4
207 603 4
207 616 4
207 629 4
207 635 4
207 642 4
207 648 4
207 656 4
207 657 4
207 660 4
207 675 4
207 684 4
207 705 4
207 710 4
207 712 4
207 715 4
207 729 4
207 732 4
207 746 4
207 755 4
207 756 4
207 785 4
207 844 4
207 859 4
207 869 4
207 879 4
207 949 4
207 969 4
207 972 4
207 993 4
208 270 3
208 271 3
208 286 4
208 294 4
208 300 4
208 313 5
208 315 3
208 319 4
208 328 4
208 347 4
208 358 3
208 539 5
208 683 3
208 689 3
208 748 4
209 6 5
209 8 5
209 9 4
209 12 5
209 14 5
209 22 5
209 23 5
209 28 4
209 30 5
209 48 4
209 50 5
209 58 4
209 59 5
209 60 5
209 65 5
209 87 4
209 97 4
209 98 5
209 99 5
209 100 5
209 133 4
209 135 5
209 153 5
209 154 4
209 156 5
209 162 4
209 166 1
209 168 4
209 170 5
209 172 5
209 173 5
209 174 5
209 175 5
209 179 5
209 181 5
209 186 4
209 191 4
209 192 3
209 195 5
209 197 5
209 199 5
209 200 4
209 201 4
209 202 4
209 203 5
209 204 4
209 205 4
209 207 4
209 209 4
209 210 5
209 213 5
209 214 4
209 216 4
209 223 5
209 264 5
209 266 5
209 270 4
209 275 4
209 276 4
209 283 5
209 285 4
209 286 4
209 288 4
209 300 4
209 303 4
209 318 5
209 321 3
209 322 3
209 325 4
209 327 4
209 339 4
209 343 4
209 357 5
209 367 4
209 381 4
209 382 5
209 404 4
209 427 4
209 428 5
209 429 5
209 430 5
209 433 5
209 435 4
209 461 3
209 478 5
209 479 5
209 480 5
209 481 5
209 482 5
209 483 5
209 485 4
209 486 4
209 489 5
209 491 5
209 493 4
209 496 4
209 497 1
209 498 5
209 504 4
209 505 5
209 514 4
209 516 5
209 518 4
209 520 5
209 523 5
209 526 3
209 527 4
209 528 4
209 530 4
209 604 4
209 606 5
209 607 1
209 608 5
209 609 4
209 615 5
209 618 5
209 631 4
209 633 5
209 647 2
209 654 4
209 659 5
209 661 5
209 664 3
209 676 3
209 680 5
209 684 4
209 708 4
209 709 4
209 714 4
209 733 5
209 749 4
209 855 4
209 877 3
209 879 5
209 937 5
209 945 5
209 965 5
209 995 4
210 258 3
210 269 2
210 286 3
210 289 2
210 300 2
210 311 1
210 312 3
210 313 3
210 315 3
210 316 3
210 323 2
210 328 2
210 340 2
210 354 2
210 690 2
210 754 3
210 873 2
210 898 1
210 905 2
211 1 4
211 4 4
211 9 4
211 22 4
211 38 3
211 56 4
211 73 4
211 88 4
211 117 4
211 161 4
211 168 4
211 172 4
211 181 5
211 186 4
211 195 4
211 196 4
211 208 4
211 209 4
211 210 4
211 222 4
211 227 4
211 228 4
211 229 3
211 230 4
211 258 5
211 265 4
211 276 4
211 318 4
211 405 3
211 435 4
211 449 4
211 451 4
211 485 3
211 527 4
211 566 4
211 568 4
211 651 4
211 655 4
211 709 4
211 720 3
211 732 4
211 770 3
212 4 4
212 7 4
212 23 4
212 24 4
212 28 4
212 56 5
212 64 5
212 70 4
212 81 4
212 92 4
212 96 4
212 150 4
212 154 4
212 172 4
212 173 4
212 175 4
212 182 4
212 186 4
212 193 4
212 206 4
212 211 4
212 218 4
212 276 4
212 288 4
212 318 4
212 340 4
212 408 5
212 427 4
212 436 5
212 480 4
212 487 4
212 508 4
212 526 3
212 634 4
212 651 4
212 684 4
212 724 4
213 7 4
213 9 4
213 15 4
213 50 4
213 124 4
213 181 4
213 222 4
213 236 3
213 245 3
213 255 4
213 257 4
213 258 4
213 260 1
213 269 4
213 271 3
213 275 4
213 286 4
213 297 4
213 300 4
213 301 3
213 302 4
213 303 4
213 306 4
213 326 3
213 328 3
213 332 4
213 471 4
213 508 3
213 628 4
213 690 4
213 877 3
213 936 5
214 100 5
214 258 5
214 260 3
214 294 4
214 300 4
214 301 4
214 302 5
214 325 3
214 340 5
214 343 4
214 678 4
214 748 4
215 56 5
215 185 5
215 195 5
215 243 2
215 269 4
215 322 3
215 323 4
215 328 4
215 432 5
215 531 5
215 748 3
215 754 5
216 1 4
216 2 4
216 7 4
216 8 5
216 9 4
216 10 5
216 11 5
216 12 4
216 13 3
216 14 4
216 21 3
216 22 5
216 24 4
216 25 4
216 27 5
216 28 4
216 29 3
216 31 5
216 32 3
216 36 3
216 38 4
216 41 5
216 42 4
216 43 3
216 44 4
216 49 5
216 50 5
216 51 4
216 53 3
216 54 4
216 55 4
216 56 5
216 58 4
216 64 5
216 65 4
216 66 4
216 67 4
216 69 4
216 70 4
216 71 4
216 73 4
216 77 4
216 81 4
216 82 4
216 83 5
216 85 5
216 86 4
216 87 4
216 88 4
216 90 3
216 92 4
216 93 5
216 94 4
216 97 4
216 98 4
216 99 4
216 105 3
216 106 3
216 107 5
216 117 4
216 121 4
216 123 4
216 125 5
216 126 4
216 127 5
216 132 4
216 133 4
216 134 5
216 136 5
216 137 5
216 140 5
216 142 5
216 143 4
216 144 5
216 148 4
216 154 4
216 155 4
216 156 3
216 157 4
216 158 1
216 159 4
216 161 4
216 168 4
216 172 5
216 174 5
216 176 4
216 178 5
216 181 5
216 182 4
216 183 5
216 185 5
216 187 5
216 191 5
216 194 5
216 195 5
216 196 4
216 197 4
216 199 5
216 200 4
216 202 5
216 203 4
216 204 5
216 209 4
216 210 5
216 211 4
216 213 5
216 215 4
216 216 5
216 217 3
216 219 4
216 220 3
216 225 3
216 226 4
216 230 4
216 234 5
216 237 4
216 238 4
216 239 4
216 240 4
216 241 4
216 242 4
216 245 4
216 246 4
216 248 4
216 249 4
216 250 3
216 251 3
216 252 4
216 253 4
216 254 3
216 257 4
216 258 5
216 259 3
216 264 3
216 266 4
216 268 5
216 272 5
216 274 4
216 275 4
216 276 4
216 277 4
216 281 4
216 283 4
216 284 4
216 285 5
216 286 4
216 287 4
216 288 4
216 289 4
216 294 4
216 295 4
216 297 3
216 298 4
216 301 4
216 304 5
216 307 4
216 312 4
216 313 5
216 315 4
216 316 4
216 317 4
216 318 5
216 319 3
216 322 4
216 323 3
216 326 4
216 327 4
216 328 4
216 329 4
216 331 4
216 332 4
216 333 4
216 338 3
216 339 4
216 346 4
216 347 3
216 348 3
216 354 4
216 356 4
216 357 5
216 364 1
216 366 5
216 367 3
216 369 5
216 375 4
216 378 5
216 385 5
216 388 2
216 393 5
216 395 5
216 396 3
216 399 4
216 401 1
216 402 4
216 403 4
216 404 5
216 405 4
216 411 3
216 412 3
216 417 1
216 418 5
216 419 4
216 423 5
216 425 5
216 427 5
216 431 4
216 432 4
216 433 4
216 443 4
216 448 5
216 451 4
216 452 4
216 462 4
216 463 5
216 468 5
216 469 5
216 471 4
216 472 4
216 473 3
216 475 4
216 476 4
216 479 4
216 480 3
216 496 5
216 498 5
216 500 4
216 501 4
216 506 4
216 509 5
216 515 4
216 526 3
216 531 5
216 532 5
216 538 5
216 546 3
216 549 5
216 553 4
216 554 3
216 559 3
216 560 4
216 564 5
216 568 4
216 576 4
216 578 4
216 585 2
216 588 4
216 591 4
216 592 4
216 607 5
216 614 4
216 619 4
216 625 4
216 627 2
216 628 4
216 633 4
216 651 5
216 652 4
216 657 5
216 658 5
216 660 4
216 662 4
216 676 5
216 678 3
216 682 4
216 684 4
216 685 4
216 686 4
216 689 4
216 690 4
216 693 4
216 696 3
216 699 4
216 707 1
216 708 4
216 710 3
216 712 4
216 713 3
216 717 3
216 720 3
216 721 2
216 723 5
216 724 3
216 729 4
216 734 3
216 735 4
216 737 5
216 738 3
216 739 4
216 746 4
216 747 4
216 748 4
216 750 5
216 754 5
216 755 2
216 761 2
216 762 3
216 768 4
216 770 4
216 775 3
216 778 4
216 781 4
216 783 4
216 785 4
216 790 4
216 792 3
216 794 4
216 795 4
216 803 4
216 807 2
216 812 2
216 815 3
216 819 2
216 821 3
216 824 4
216 827 3
216 833 4
216 834 2
216 840 3
216 842 3
216 843 1
216 845 4
216 849 3
216 864 3
216 866 4
216 873 2
216 874 3
216 879 4
216 895 4
216 915 5
216 916 1
216 917 4
216 918 4
216 928 3
216 929 3
216 931 2
216 934 4
216 936 5
216 937 4
216 938 4
216 941 2
216 955 4
216 959 4
216 966 5
216 972 4
216 975 4
216 980 4
216 985 4
216 990 3
216 997 4
217 1 3
217 3 3
217 5 4
217 7 3
217 11 3
217 12 4
217 13 3
217 15 4
217 16 4
217 17 3
217 20 2
217 23 4
217 27 1
217 29 3
217 32 3
217 39 2
217 42 3
217 44 4
217 47 3
217 50 5
217 51 3
217 55 3
217 56 3
217 58 4
217 62 3
217 63 2
217 64 4
217 65 3
217 67 3
217 68 3
217 69 4
217 70 3
217 72 3
217 73 3
217 77 3
217 78 2
217 79 4
217 80 5
217 81 4
217 82 3
217 83 4
217 89 4
217 91 2
217 95 3
217 96 4
217 97 4
217 98 4
217 99 4
217 100 4
217 101 4
217 106 2
217 109 3
217 118 3
217 120 2
217 122 2
217 123 3
217 125 3
217 127 4
217 131 4
217 132 4
217 135 4
217 139 3
217 142 3
217 144 4
217 145 1
217 147 3
217 154 4
217 157 4
217 159 3
217 162 4
217 164 4
217 167 3
217 168 4
217 169 4
217 171 3
217 172 4
217 173 4
217 174 4
217 176 4
217 178 4
217 179 4
217 181 4
217 182 4
217 183 4
217 184 3
217 186 4
217 190 4
217 195 4
217 196 4
217 198 4
217 200 3
217 201 3
217 202 3
217 206 5
217 207 4
217 208 4
217 214 3
217 216 4
217 217 4
217 218 4
217 219 4
217 222 4
217 223 4
217 226 3
217 228 4
217 232 3
217 234 3
217 235 2
217 242 3
217 245 3
217 246 3
217 248 4
217 250 3
217 252 3
217 255 3
217 257 3
217 258 4
217 260 2
217 264 4
217 265 4
217 270 4
217 273 3
217 286 3
217 288 3
217 290 2
217 293 3
217 294 3
217 298 3
217 323 3
217 324 2
217 325 3
217 326 3
217 340 2
217 357 4
217 358 3
217 364 5
217 367 3
217 373 5
217 380 4
217 382 4
217 385 3
217 386 3
217 388 2
217 391 3
217 392 4
217 393 3
217 395 3
217 396 4
217 399 4
217 402 3
217 403 3
217 404 3
217 413 4
217 419 4
217 420 4
217 421 4
217 422 4
217 423 4
217 425 3
217 428 4
217 431 4
217 433 3
217 436 4
217 441 4
217 444 4
217 447 4
217 449 4
217 451 4
217 452 1
217 461 3
217 465 2
217 472 3
217 474 4
217 475 4
217 483 4
217 484 4
217 485 4
217 498 4
217 501 4
217 508 4
217 513 4
217 518 3
217 541 4
217 544 3
217 545 1
217 546 3
217 551 4
217 552 3
217 555 3
217 559 3
217 561 3
217 562 1
217 563 1
217 574 4
217 578 2
217 579 3
217 582 4
217 596 3
217 597 3
217 614 3
217 616 3
217 625 3
217 628 4
217 631 3
217 636 3
217 638 4
217 640 4
217 642 3
217 655 4
217 658 3
217 665 3
217 668 3
217 669 2
217 674 5
217 679 3
217 684 3
217 685 3
217 692 3
217 708 3
217 709 4
217 710 1
217 715 1
217 723 2
217 725 1
217 727 5
217 728 2
217 732 3
217 742 4
217 746 3
217 747 3
217 748 3
217 758 2
217 762 3
217 764 3
217 765 4
217 767 3
217 769 5
217 774 2
217 778 3
217 781 3
217 783 3
217 792 3
217 796 3
217 797 4
217 800 3
217 804 3
217 809 4
217 810 5
217 815 3
217 825 3
217 827 3
217 831 2
217 849 5
217 855 3
217 871 3
217 895 2
217 923 3
217 928 3
217 940 2
217 943 3
217 944 5
217 946 3
217 963 5
217 979 3
217 999 4
217 1000 3
218 258 3
218 269 3
218 288 3
218 301 2
218 302 3
218 313 4
218 327 3
218 328 3
218 331 3
218 362 5
218 750 3
218 895 3
218 899 3
219 50 5
219 79 5
219 89 5
219 100 5
219 173 5
219 181 5
219 223 5
219 257 5
219 275 5
219 286 5
219 405 4
219 478 5
219 488 5
219 615 4
219 617 5
219 705 5
220 19 4
220 86 4
220 100 4
220 116 4
220 137 4
220 251 5
220 275 4
220 283 4
220 302 4
220 319 4
220 331 4
220 408 5
220 475 4
220 478 4
220 508 4
220 513 4
220 603 4
220 750 4
220 753 4
221 4 3
221 7 5
221 11 5
221 12 5
221 50 5
221 56 4
221 82 5
221 87 5
221 89 5
221 96 5
221 100 5
221 117 5
221 124 5
221 127 4
221 129 4
221 144 5
221 156 5
221 164 5
221 172 5
221 174 5
221 175 5
221 176 5
221 182 4
221 183 5
221 185 5
221 194 5
221 200 4
221 213 5
221 218 4
221 219 5
221 238 4
221 302 5
221 333 4
221 443 5
221 448 3
221 466 5
221 516 5
221 517 5
221 653 4
221 657 5
221 672 5
221 709 4
221 879 2
221 914 1
221 915 5
222 1 3
222 15 3
222 50 4
222 53 3
222 98 4
222 100 4
222 109 3
222 117 3
222 124 4
222 126 3
222 127 4
222 129 3
222 137 4
222 151 3
222 181 4
222 184 3
222 200 3
222 201 3
222 217 2
222 219 2
222 222 3
222 235 2
222 250 3
222 257 4
222 258 4
222 260 2
222 270 3
222 273 3
222 276 3
222 286 4
222 287 3
222 288 3
222 293 3
222 294 3
222 299 3
222 307 3
222 324 3
222 326 3
222 327 3
222 334 3
222 370 1
222 379 2
222 396 3
222 410 3
222 436 3
222 447 3
222 448 1
222 452 3
222 458 3
222 475 3
222 477 3
222 515 4
222 551 1
222 558 1
222 559 3
222 561 2
222 590 1
222 665 3
222 670 3
222 671 1
222 672 1
222 682 2
222 742 3
222 760 3
222 854 1
222 867 5
222 919 3
222 922 2
222 926 2
223 9 4
223 15 3
223 127 3
223 148 2
223 237 3
223 245 3
223 258 4
223 269 4
223 272 4
223 276 4
223 282 3
223 286 4
223 299 3
223 300 3
223 304 3
223 307 3
223 310 3
223 313 3
223 315 4
223 322 3
223 323 2
223 326 3
223 327 3
223 328 3
223 329 4
223 333 3
223 340 4
223 344 1
223 347 3
223 355 5
223 471 3
223 546 3
223 591 3
223 628 4
223 678 3
223 689 3
223 696 5
223 744 3
223 748 3
223 750 4
223 754 1
223 823 3
223 879 3
223 898 1
223 924 3
223 977 2
224 1 4
224 14 5
224 15 4
224 25 4
224 50 5
224 100 4
224 115 5
224 127 4
224 151 4
224 172 5
224 243 3
224 261 3
224 275 4
224 288 4
224 289 4
224 310 4
224 323 3
224 333 4
224 427 5
224 508 4
224 538 1
224 681 5
224 683 5
224 689 3
224 882 3
225 1 3
225 2 2
225 7 3
225 17 2
225 22 3
225 24 3
225 32 3
225 38 2
225 39 2
225 53 2
225 55 3
225 62 2
225 68 2
225 79 3
225 82 3
225 83 3
225 98 3
225 100 4
225 117 3
225 118 2
225 121 2
225 124 3
225 127 3
225 144 3
225 147 3
225 156 3
225 168 3
225 171 3
225 172 3
225 174 3
225 176 3
225 177 3
225 178 3
225 180 3
225 183 3
225 185 3
225 187 3
225 188 3
225 191 3
225 195 4
225 198 3
225 200 3
225 201 2
225 204 3
225 207 5
225 209 3
225 210 3
225 218 3
225 222 2
225 227 2
225 229 2
225 230 2
225 231 2
225 232 2
225 234 3
225 241 2
225 244 3
225 250 3
225 252 2
225 257 3
225 259 2
225 271 2
225 272 3
225 273 3
225 281 2
225 286 3
225 288 2
225 298 3
225 302 3
225 305 3
225 307 3
225 310 2
225 313 3
225 316 4
225 318 3
225 322 2
225 323 2
225 324 2
225 325 2
225 327 3
225 333 3
225 338 2
225 340 3
225 343 2
225 346 3
225 355 5
225 357 3
225 358 2
225 362 3
225 363 2
225 379 1
225 385 3
225 398 1
225 424 4
225 429 3
225 445 1
225 447 3
225 448 2
225 452 2
225 474 3
225 475 4
225 491 3
225 515 3
225 520 4
225 522 1
225 529 3
225 538 1
225 540 1
225 550 2
225 562 2
225 566 3
225 568 3
225 573 3
225 576 2
225 583 3
225 590 1
225 597 2
225 636 2
225 669 1
225 670 2
225 675 4
225 678 2
225 679 2
225 686 3
225 690 2
225 748 2
225 750 3
225 751 2
225 759 5
225 823 3
225 825 2
225 831 2
225 841 1
225 853 3
225 877 1
225 879 2
225 895 2
225 912 1
225 943 2
225 976 3
226 23 4
226 50 5
226 98 4
226 99 4
226 133 5
226 134 4
226 135 4
226 168 5
226 174 5
226 178 5
226 182 5
226 185 4
226 191 4
226 196 4
226 197 5
226 199 4
226 200 4
226 204 4
226 208 5
226 211 4
226 318 5
226 418 4
226 427 4
226 428 5
226 430 5
226 432 5
226 435 4
226 474 4
226 478 4
226 480 5
226 483 5
226 486 4
226 488 4
226 490 4
226 491 5
226 492 5
226 493 5
226 494 5
226 504 4
226 505 4
226 510 4
226 511 4
226 524 4
226 525 5
226 526 5
226 601 4
226 603 5
226 605 3
226 606 5
226 607 4
226 608 5
226 610 4
226 613 5
226 614 5
226 616 5
226 631 2
226 633 5
226 646 5
226 648 4
226 651 4
226 653 4
226 654 4
226 655 4
226 657 4
226 673 4
226 705 4
226 754 5
226 835 5
226 836 4
226 848 5
227 245 5
227 258 5
227 263 5
227 286 5
227 292 5
227 300 5
227 302 5
227 303 5
227 304 5
227 319 5
227 332 5
227 341 5
227 359 4
227 680 4
227 681 5
227 682 3
227 688 5
227 874 1
228 243 3
228 259 3
228 268 4
228 271 2
228 272 4
228 286 4
228 289 3
228 294 3
228 300 4
228 301 4
228 305 3
228 307 3
228 312 4
228 313 4
228 322 3
228 323 2
228 326 3
228 329 5
228 332 3
228 334 5
228 338 2
228 344 3
228 350 2
228 538 2
228 690 3
228 750 4
228 875 3
228 877 4
228 879 4
228 886 1
228 896 3
228 908 1
228 988 2
229 1 3
229 2 2
229 3 2
229 4 3
229 7 3
229 8 3
229 12 4
229 15 3
229 21 2
229 22 4
229 23 4
229 24 4
229 26 1
229 28 3
229 31 2
229 32 4
229 45 4
229 47 2
229 48 4
229 50 4
229 52 3
229 53 3
229 55 4
229 56 3
229 58 3
229 62 4
229 63 2
229 64 4
229 66 3
229 68 3
229 69 3
229 70 3
229 72 3
229 73 4
229 77 3
229 79 3
229 81 3
229 82 3
229 83 2
229 85 5
229 86 3
229 87 3
229 88 4
229 89 4
229 90 4
229 91 2
229 92 4
229 93 4
229 95 3
229 96 3
229 97 3
229 101 5
229 109 3
229 114 4
229 117 3
229 118 3
229 123 3
229 124 3
229 127 4
229 128 3
229 132 4
229 133 2
229 134 4
229 137 3
229 140 1
229 141 4
229 143 3
229 144 4
229 150 2
229 151 3
229 153 3
229 154 3
229 157 2
229 159 3
229 161 3
229 162 2
229 163 3
229 164 3
229 165 3
229 166 3
229 168 4
229 170 3
229 172 4
229 174 4
229 178 3
229 179 3
229 181 4
229 183 4
229 184 4
229 185 3
229 186 3
229 188 3
229 190 4
229 191 4
229 193 4
229 195 4
229 197 3
229 201 3
229 202 3
229 203 3
229 207 3
229 208 4
229 209 4
229 210 4
229 211 3
229 214 3
229 216 3
229 218 3
229 219 3
229 223 4
229 225 2
229 229 3
229 232 2
229 233 3
229 237 2
229 238 3
229 248 4
229 249 3
229 250 2
229 258 4
229 264 3
229 265 3
229 273 3
229 274 1
229 275 3
229 276 3
229 277 3
229 280 2
229 281 3
229 282 3
229 283 3
229 288 3
229 290 3
229 291 2
229 298 3
229 301 4
229 318 4
229 319 3
229 321 3
229 340 1
229 356 3
229 365 1
229 366 3
229 367 3
229 371 2
229 378 2
229 385 3
229 387 3
229 392 2
229 393 3
229 403 3
229 404 2
229 405 3
229 410 2
229 411 2
229 415 1
229 418 3
229 419 2
229 423 3
229 427 4
229 428 4
229 431 3
229 432 3
229 433 4
229 435 4
229 436 5
229 441 1
229 448 2
229 455 4
229 457 1
229 464 4
229 466 2
229 467 3
229 468 2
229 470 2
229 473 2
229 475 2
229 480 4
229 481 1
229 482 3
229 483 4
229 484 3
229 485 3
229 491 3
229 493 4
229 495 2
229 496 3
229 499 4
229 500 3
229 502 2
229 504 4
229 505 3
229 508 3
229 511 4
229 514 4
229 520 4
229 527 3
229 531 4
229 535 3
229 537 3
229 546 3
229 549 3
229 550 3
229 566 3
229 568 4
229 569 3
229 570 3
229 578 2
229 581 3
229 584 2
229 591 3
229 602 5
229 603 3
229 611 4
229 625 3
229 627 1
229 628 2
229 629 2
229 631 3
229 633 5
229 635 2
229 636 3
229 640 3
229 642 4
229 652 3
229 654 3
229 655 4
229 658 2
229 662 3
229 665 2
229 671 1
229 672 1
229 673 3
229 679 3
229 684 3
229 692 3
229 693 1
229 700 1
229 702 4
229 705 3
229 708 3
229 709 4
229 710 2
229 726 3
229 729 3
229 732 3
229 735 4
229 742 3
229 744 3
229 747 3
229 755 3
229 756 2
229 761 2
229 762 2
229 763 3
229 768 2
229 780 1
229 794 2
229 804 3
229 805 3
229 806 3
229 820 2
229 826 3
229 833 3
229 845 3
229 847 4
229 921 3
229 928 3
229 941 3
229 944 3
229 961 3
229 967 3
229 972 3
230 9 4
230 10 4
230 12 4
230 19 3
230 42 4
230 50 4
230 56 4
230 98 4
230 100 4
230 101 3
230 117 3
230 129 4
230 137 4
230 152 3
230 164 4
230 165 4
230 181 4
230 221 4
230 222 3
230 234 3
230 237 3
230 248 4
230 253 2
230 258 4
230 264 2
230 273 3
230 276 4
230 286 4
230 288 3
230 293 4
230 294 3
230 300 3
230 302 4
230 318 4
230 328 3
230 436 3
230 514 4
230 515 4
230 527 4
230 528 4
230 547 1
230 628 4
230 674 5
231 286 3
231 307 4
231 322 3
231 323 3
231 327 3
231 358 3
231 538 1
231 690 3
231 748 3
231 879 4
231 988 3
232 1 4
232 7 3
232 24 4
232 50 5
232 93 3
232 100 4
232 108 3
232 109 3
232 111 3
232 117 4
232 118 3
232 121 3
232 123 3
232 151 3
232 181 4
232 222 4
232 246 4
232 248 3
232 249 3
232 250 3
232 257 4
232 258 4
232 274 4
232 276 3
232 284 3
232 294 3
232 295 4
232 300 4
232 315 4
232 322 3
232 405 3
232 410 3
232 411 2
232 471 4
232 508 4
232 546 3
232 620 3
232 628 3
232 678 2
232 742 4
232 763 3
232 815 3
232 844 1
232 845 3
233 59 4
233 60 4
233 95 4
233 173 4
233 174 4
233 194 3
233 246 4
233 268 4
233 269 4
233 273 3
233 276 3
233 293 4
233 302 4
233 303 3
233 322 3
233 323 3
233 326 3
233 333 3
233 340 4
233 435 4
233 474 4
233 507 4
233 657 4
233 682 2
233 690 3
233 748 2
233 754 5
233 919 4
234 9 4
234 111 4
234 121 3
234 125 3
234 147 3
234 148 3
234 151 3
234 225 4
234 274 4
234 275 4
234 283 3
234 287 5
234 288 3
234 347 3
234 369 3
234 406 2
234 471 4
234 476 3
234 546 2
234 628 4
234 756 3
234 763 3
234 815 3
234 819 4
234 833 2
234 844 5
234 928 2
234 975 3
235 1 4
235 3 3
235 4 3
235 5 3
235 7 4
235 9 4
235 11 4
235 12 4
235 15 4
235 21 2
235 22 4
235 23 3
235 24 3
235 25 3
235 27 3
235 28 4
235 31 4
235 38 3
235 40 1
235 42 3
235 45 4
235 49 3
235 50 4
235 52 4
235 54 3
235 62 3
235 63 3
235 64 5
235 67 2
235 68 3
235 69 4
235 71 4
235 72 3
235 73 4
235 80 3
235 82 3
235 83 4
235 85 1
235 86 3
235 89 4
235 95 4
235 96 5
235 100 5
235 105 2
235 108 3
235 109 3
235 111 4
235 115 3
235 117 4
235 118 3
235 121 3
235 122 1
235 123 4
235 125 4
235 128 5
235 132 4
235 135 3
235 136 5
235 141 4
235 148 3
235 151 3
235 152 2
235 153 4
235 154 4
235 156 4
235 157 3
235 159 3
235 160 5
235 161 3
235 162 4
235 163 3
235 164 5
235 167 2
235 168 4
235 171 5
235 172 4
235 173 4
235 174 5
235 175 4
235 176 4
235 182 3
235 183 4
235 184 3
235 185 4
235 186 4
235 187 5
235 188 3
235 190 4
235 191 4
235 195 4
235 196 4
235 199 4
235 200 4
235 204 4
235 206 3
235 211 4
235 214 4
235 215 3
235 216 4
235 217 3
235 218 4
235 219 4
235 222 4
235 225 3
235 226 3
235 227 4
235 228 4
235 229 3
235 230 3
235 234 4
235 239 4
235 240 3
235 245 3
235 246 5
235 250 2
235 252 3
235 254 1
235 255 4
235 257 5
235 258 4
235 260 2
235 264 3
235 273 3
235 284 3
235 290 4
235 291 3
235 294 3
235 299 2
235 300 4
235 307 4
235 313 4
235 317 3
235 318 5
235 321 3
235 327 3
235 331 3
235 338 2
235 343 2
235 351 1
235 354 3
235 357 4
235 358 4
235 367 3
235 369 2
235 376 3
235 380 4
235 381 5
235 382 3
235 384 5
235 385 4
235 386 2
235 392 3
235 393 4
235 394 1
235 399 3
235 402 4
235 403 4
235 404 4
235 410 2
235 411 3
235 413 2
235 423 4
235 424 2
235 431 4
235 433 4
235 434 1
235 435 4
235 436 4
235 443 4
235 447 5
235 448 1
235 451 4
235 455 4
235 462 3
235 465 1
235 470 2
235 473 3
235 474 3
235 476 3
235 520 4
235 541 5
235 542 3
235 546 3
235 550 4
235 554 3
235 561 3
235 566 3
235 567 2
235 568 4
235 569 3
235 571 1
235 572 5
235 573 3
235 576 3
235 577 1
235 578 4
235 584 2
235 587 5
235 588 4
235 597 3
235 616 1
235 625 4
235 628 3
235 631 4
235 637 5
235 640 3
235 649 2
235 652 2
235 655 4
235 659 4
235 665 3
235 672 5
235 673 4
235 675 5
235 679 2
235 684 4
235 693 4
235 696 4
235 697 3
235 710 3
235 713 4
235 715 3
235 717 2
235 720 3
235 729 3
235 732 4
235 743 1
235 746 1
235 748 3
235 751 4
235 752 4
235 756 3
235 760 1
235 762 4
235 780 1
235 781 3
235 786 3
235 790 2
235 792 5
235 797 3
235 800 1
235 820 3
235 821 2
235 825 3
235 826 5
235 831 2
235 834 2
235 841 3
235 845 4
235 862 1
235 885 1
235 890 1
235 895 3
235 924 4
235 926 2
235 928 4
235 929 1
235 943 3
235 944 5
235 961 5
235 977 2
235 983 3
236 21 3
236 23 5
236 26 5
236 38 3
236 39 4
236 43 2
236 47 4
236 65 4
236 66 4
236 72 3
236 73 4
236 83 4
236 90 3
236 92 4
236 95 3
236 96 4
236 98 5
236 102 3
236 111 4
236 125 4
236 132 4
236 133 4
236 157 4
236 159 4
236 161 4
236 168 5
236 172 5
236 174 5
236 179 5
236 186 5
236 200 4
236 204 4
236 215 4
236 216 4
236 217 4
236 218 4
236 219 4
236 226 4
236 238 5
236 265 4
236 276 5
236 287 4
236 288 4
236 313 5
236 325 3
236 327 4
236 340 4
236 347 4
236 367 4
236 381 4
236 392 4
236 400 1
236 411 3
236 433 4
236 447 4
236 454 2
236 503 4
236 504 4
236 506 5
236 537 5
236 546 3
236 553 4
236 559 3
236 568 4
236 581 4
236 585 4
236 595 4
236 628 4
236 642 4
236 649 1
236 655 5
236 658 4
236 660 4
236 708 4
236 710 3
236 715 4
236 721 2
236 723 3
236 739 3
236 742 5
236 746 5
236 748 3
236 761 5
236 762 4
236 785 1
236 787 1
236 790 4
236 794 3
236 821 3
236 845 4
236 895 3
236 974 5
237 5 3
237 11 4
237 12 4
237 14 4
237 28 3
237 30 5
237 42 4
237 47 3
237 50 4
237 56 3
237 58 3
237 65 3
237 69 4
237 70 3
237 77 3
237 79 4
237 82 3
237 83 4
237 86 3
237 87 4
237 88 3
237 89 4
237 90 3
237 91 3
237 95 3
237 97 3
237 98 4
237 99 4
237 111 3
237 116 3
237 118 3
237 124 4
237 131 3
237 132 4
237 133 4
237 134 4
237 137 4
237 143 3
237 144 4
237 145 1
237 151 3
237 154 4
237 155 2
237 161 3
237 162 3
237 166 2
237 168 4
237 170 4
237 173 4
237 174 4
237 176 4
237 179 3
237 180 4
237 181 4
237 183 4
237 185 4
237 186 3
237 190 4
237 191 4
237 195 4
237 197 4
237 204 3
237 207 2
237 208 4
237 211 3
237 212 3
237 213 3
237 214 2
237 216 4
237 217 2
237 218 3
237 219 2
237 229 3
237 234 4
237 237 4
237 238 4
237 239 4
237 244 3
237 253 1
237 254 2
237 265 4
237 275 3
237 276 3
237 281 3
237 283 3
237 286 3
237 287 1
237 288 3
237 292 5
237 301 3
237 318 4
237 378 4
237 381 3
237 393 4
237 402 3
237 404 3
237 412 2
237 415 2
237 418 3
237 419 3
237 421 4
237 423 4
237 428 4
237 432 3
237 433 4
237 435 3
237 436 3
237 447 3
237 450 2
237 451 3
237 463 4
237 466 3
237 473 3
237 478 4
237 480 4
237 482 3
237 483 4
237 484 4
237 485 3
237 496 4
237 497 2
237 499 3
237 501 3
237 507 3
237 512 4
237 514 4
237 517 4
237 518 4
237 521 4
237 523 4
237 559 2
237 566 4
237 581 4
237 582 3
237 583 3
237 584 4
237 588 4
237 603 4
237 607 1
237 614 4
237 629 3
237 640 3
237 642 3
237 651 4
237 652 4
237 654 4
237 655 4
237 657 4
237 660 3
237 663 4
237 665 3
237 672 2
237 674 1
237 683 2
237 684 4
237 692 3
237 696 3
237 697 4
237 698 3
237 699 4
237 702 1
237 705 4
237 707 5
237 708 3
237 709 4
237 710 4
237 727 5
237 730 3
237 732 3
237 736 4
237 737 5
237 739 3
237 746 3
237 747 3
237 748 2
237 753 3
237 755 2
237 770 2
237 778 3
237 781 3
237 794 4
237 812 1
237 842 3
237 843 1
237 946 3
237 955 4
237 969 1
238 15 4
238 21 3
238 100 4
238 118 4
238 121 4
238 181 5
238 220 2
238 237 5
238 245 3
238 255 4
238 269 4
238 280 3
238 286 4
238 321 4
238 471 4
238 476 3
238 815 3
238 866 3
239 7 4
239 13 3
239 14 4
239 100 4
239 121 3
239 147 3
239 237 3
239 240 3
239 242 4
239 246 4
239 257 4
239 273 4
239 276 3
239 282 3
239 285 4
239 288 3
239 301 4
239 405 3
239 475 4
239 591 4
239 895 3
240 70 2
240 171 4
240 198 3
240 242 4
240 243 1
240 271 2
240 272 3
240 283 3
240 300 3
240 310 3
240 312 3
240 313 4
240 328 3
240 329 4
240 340 3
240 350 3
240 512 4
240 515 4
240 582 3
240 690 3
240 736 3
240 749 3
240 750 3
240 751 2
240 886 5
240 904 3
240 921 5
240 937 4
241 1 4
241 7 4
241 9 5
241 15 4
241 25 4
241 121 4
241 259 3
241 288 3
241 294 3
241 683 3
242 7 3
242 11 2
242 12 3
242 14 2
242 17 4
242 22 3
242 26 4
242 27 3
242 29 2
242 31 3
242 33 2
242 38 1
242 39 2
242 41 3
242 42 3
242 44 1
242 53 2
242 54 2
242 55 3
242 56 3
242 62 2
242 64 3
242 67 1
242 68 1
242 79 3
242 82 2
242 98 3
242 100 3
242 117 2
242 129 3
242 144 3
242 150 2
242 154 3
242 156 3
242 159 2
242 161 2
242 168 3
242 174 3
242 176 3
242 177 2
242 182 3
242 184 2
242 186 3
242 195 3
242 203 3
242 204 2
242 209 3
242 210 3
242 219 2
242 226 2
242 228 3
242 229 2
242 230 2
242 231 1
242 234 3
242 240 2
242 273 3
242 276 3
242 281 2
242 286 2
242 288 2
242 294 2
242 318 3
242 342 2
242 350 1
242 367 2
242 385 2
242 401 1
242 403 2
242 410 2
242 436 3
242 449 2
242 452 1
242 482 2
242 508 3
242 546 1
242 554 1
242 559 2
242 569 1
242 572 1
242 576 1
242 578 1
242 591 3
242 628 3
242 635 1
242 636 2
242 672 1
242 684 2
242 685 2
242 695 3
242 710 2
242 746 2
242 769 2
242 780 2
242 800 1
242 810 4
242 834 1
242 873 2
242 943 2
242 975 1
243 12 5
243 271 4
243 309 3
243 313 5
243 340 5
243 343 4
243 358 3
243 644 4
243 678 3
243 687 4
244 9 4
244 50 4
244 100 5
244 245 3
244 251 4
244 258 4
244 275 4
244 748 3
244 751 3
244 906 4
244 912 2
244 916 3
245 7 2
245 9 2
245 23 2
245 28 2
245 50 2
245 55 2
245 64 2
245 79 2
245 87 2
245 100 2
245 117 2
245 118 1
245 121 1
245 123 1
245 127 2
245 144 1
245 147 1
245 150 1
245 174 2
245 181 2
245 195 2
245 203 2
245 204 2
245 208 2
245 209 1
245 221 2
245 235 1
245 237 1
245 245 1
245 246 1
245 248 1
245 273 1
245 276 2
245 291 1
245 293 2
245 295 4
245 310 2
245 313 2
245 324 1
245 325 1
245 330 1
245 333 1
245 340 1
245 346 1
245 405 2
245 408 2
245 410 1
245 460 1
245 475 2
245 479 2
245 480 2
245 504 2
245 544 2
245 591 2
245 595 1
245 597 1
245 603 2
245 628 1
245 644 3
245 689 1
245 742 1
245 744 2
245 748 2
245 762 1
245 763 1
245 818 1
245 823 1
245 829 1
245 831 1
245 840 1
245 844 1
245 845 2
245 881 2
245 886 2
245 895 1
245 908 1
245 919 2
245 959 5
245 979 5
246 268 3
246 269 3
246 270 3
246 288 2
246 292 3
246 294 2
246 301 2
246 302 3
246 303 3
246 326 3
246 327 2
246 328 2
246 332 2
246 334 2
246 359 2
246 688 1
246 690 2
246 754 1
246 883 3
246 887 3
246 888 5
247 1 5
247 5 4
247 7 4
247 9 5
247 11 4
247 17 4
247 27 3
247 28 5
247 31 4
247 55 4
247 56 4
247 65 4
247 68 4
247 69 4
247 70 5
247 89 5
247 91 4
247 96 5
247 98 5
247 100 5
247 111 4
247 117 5
247 123 4
247 135 5
247 144 4
247 147 4
247 148 4
247 150 4
247 151 4
247 153 5
247 156 5
247 157 4
247 158 3
247 174 5
247 176 5
247 180 5
247 183 5
247 204 5
247 206 3
247 209 4
247 218 4
247 222 5
247 227 4
247 231 3
247 233 4
247 234 5
247 248 4
247 252 4
247 260 3
247 281 4
247 284 4
247 286 4
247 288 4
247 290 4
247 293 4
247 298 4
247 300 5
247 367 4
247 405 5
247 410 4
247 435 5
247 447 4
247 469 4
247 470 4
247 483 5
247 484 5
247 498 5
247 544 4
247 546 4
247 559 3
247 582 4
247 591 5
247 597 4
247 629 5
247 642 4
247 678 3
247 742 4
247 748 4
247 760 3
247 815 4
247 823 4
247 845 4
247 866 4
247 926 3
247 963 5
247 981 4
248 262 3
248 268 4
248 269 3
248 271 3
248 286 3
248 292 3
248 301 3
248 303 3
248 305 3
248 307 3
248 319 3
248 321 4
248 327 3
248 333 3
248 338 2
248 340 3
248 344 1
248 750 4
248 884 2
248 896 2
248 900 3
248 902 2
249 9 4
249 15 4
249 59 3
249 60 5
249 61 4
249 100 4
249 117 4
249 118 3
249 122 1
249 127 4
249 137 4
249 170 4
249 171 1
249 179 4
249 212 3
249 224 5
249 248 3
249 251 4
249 269 4
249 273 3
249 276 4
249 285 3
249 286 4
249 288 4
249 291 3
249 293 4
249 310 4
249 337 3
249 381 4
249 410 3
249 459 5
249 473 3
249 546 3
249 558 5
249 742 3
249 748 3
249 753 4
249 763 3
249 936 1
249 983 2
250 1 5
250 2 4
250 3 4
250 4 5
250 7 4
250 10 4
250 12 5
250 13 4
250 15 4
250 26 4
250 28 4
250 29 3
250 35 2
250 38 4
250 39 4
250 49 4
250 51 4
250 54 4
250 56 5
250 58 5
250 60 5
250 64 5
250 65 4
250 66 4
250 67 4
250 70 3
250 71 5
250 73 4
250 77 4
250 79 5
250 80 5
250 81 4
250 82 4
250 83 5
250 86 5
250 87 4
250 88 4
250 89 4
250 90 3
250 92 5
250 94 4
250 95 4
250 97 5
250 98 5
250 99 4
250 100 5
250 101 4
250 110 2
250 112 4
250 114 5
250 117 4
250 121 4
250 123 4
250 125 4
250 126 4
250 127 5
250 131 5
250 132 5
250 133 5
250 134 4
250 135 5
250 136 5
250 139 4
250 141 5
250 142 3
250 143 4
250 144 4
250 145 2
250 152 4
250 153 4
250 154 5
250 155 3
250 157 5
250 158 5
250 161 4
250 162 5
250 163 4
250 164 4
250 166 4
250 167 2
250 168 5
250 169 5
250 173 5
250 174 5
250 176 4
250 177 5
250 179 5
250 180 5
250 182 5
250 183 5
250 185 5
250 187 5
250 191 5
250 192 5
250 193 4
250 194 5
250 195 5
250 196 5
250 197 5
250 199 5
250 200 4
250 202 4
250 203 4
250 204 5
250 205 4
250 207 4
250 208 5
250 210 4
250 211 5
250 215 4
250 216 5
250 218 4
250 222 4
250 223 5
250 225 4
250 226 4
250 227 4
250 229 4
250 231 3
250 233 5
250 237 4
250 238 5
250 239 5
250 241 4
250 245 4
250 252 5
250 254 5
250 258 4
250 264 4
250 265 5
250 269 4
250 270 5
250 272 5
250 274 4
250 275 5
250 277 5
250 278 4
250 280 3
250 281 4
250 282 4
250 283 5
250 288 4
250 290 4
250 292 5
250 294 4
250 299 4
250 300 4
250 301 4
250 302 5
250 304 4
250 305 4
250 310 3
250 311 4
250 312 4
250 313 5
250 315 4
250 316 5
250 328 4
250 332 4
250 340 3
250 354 4
250 357 5
250 367 3
250 371 4
250 373 4
250 378 5
250 380 4
250 381 4
250 382 4
250 383 3
250 384 3
250 385 4
250 387 4
250 393 4
250 395 2
250 396 5
250 400 2
250 401 3
250 402 4
250 414 4
250 416 5
250 417 3
250 418 4
250 419 4
250 421 5
250 422 5
250 428 5
250 431 5
250 432 4
250 433 4
250 434 4
250 435 5
250 443 4
250 448 4
250 451 4
250 455 4
250 462 4
250 465 3
250 467 5
250 469 4
250 470 4
250 471 4
250 472 4
250 474 5
250 476 3
250 477 3
250 478 5
250 479 5
250 480 5
250 481 4
250 482 4
250 483 5
250 484 5
250 487 5
250 488 4
250 490 5
250 491 5
250 493 5
250 494 4
250 495 4
250 496 5
250 497 4
250 499 5
250 500 5
250 502 5
250 503 4
250 505 4
250 506 5
250 507 5
250 509 4
250 510 5
250 511 5
250 514 4
250 518 5
250 520 5
250 523 5
250 525 5
250 526 4
250 527 5
250 528 5
250 530 5
250 535 3
250 549 5
250 550 4
250 553 3
250 557 4
250 558 4
250 559 4
250 561 3
250 566 4
250 568 4
250 570 4
250 582 4
250 583 2
250 589 5
250 591 5
250 602 4
250 604 2
250 606 4
250 607 4
250 608 4
250 609 4
250 610 5
250 611 4
250 612 5
250 613 5
250 614 4
250 618 4
250 620 4
250 622 4
250 629 4
250 630 5
250 631 4
250 632 4
250 633 5
250 637 4
250 642 4
250 647 4
250 648 5
250 650 4
250 651 5
250 655 5
250 657 5
250 659 5
250 660 5
250 661 5
250 663 5
250 673 4
250 679 4
250 685 4
250 686 4
250 689 4
250 692 4
250 693 3
250 700 3
250 704 4
250 705 4
250 707 4
250 708 4
250 709 4
250 710 4
250 712 1
250 714 5
250 715 5
250 716 3
250 717 4
250 723 4
250 727 4
250 728 3
250 729 4
250 731 4
250 735 4
250 736 4
250 742 4
250 747 4
250 748 3
250 751 4
250 761 3
250 762 4
250 765 4
250 771 3
250 774 4
250 775 2
250 778 4
250 783 4
250 785 3
250 790 3
250 792 5
250 794 3
250 801 3
250 807 2
250 815 4
250 821 5
250 823 4
250 832 4
250 837 5
250 842 4
250 845 4
250 846 1
250 847 4
250 865 5
250 869 5
250 873 2
250 878 3
250 900 5
250 902 3
250 904 3
250 905 5
250 908 2
250 921 5
250 923 5
250 926 4
250 928 4
250 934 3
250 936 5
250 939 5
250 940 1
250 942 5
250 951 4
250 956 4
250 965 4
250 966 2
250 967 4
250 969 5
251 242 3
251 243 1
251 259 1
251 260 1
251 262 3
251 268 2
251 269 2
251 270 3
251 286 3
251 288 2
251 289 2
251 292 3
251 294 2
251 299 2
251 300 2
251 301 2
251 303 2
251 305 3
251 307 2
251 308 3
251 319 2
251 322 2
251 323 2
251 325 3
251 327 2
251 328 3
251 329 4
251 330 3
251 331 3
251 332 3
251 333 2
251 336 3
251 337 3
251 359 2
251 360 2
251 457 1
251 680 1
251 681 5
251 682 3
251 687 1
251 749 2
251 872 4
251 874 1
251 875 5
251 877 4
251 879 3
251 880 1
251 881 2
251 882 2
251 883 2
251 884 1
251 937 3
251 938 1
251 984 1
251 989 2
251 991 2
251 995 2
252 7 4
252 8 4
252 14 5
252 22 4
252 25 4
252 27 3
252 45 4
252 48 4
252 52 4
252 58 4
252 60 1
252 61 4
252 62 3
252 64 5
252 66 4
252 69 4
252 70 4
252 73 4
252 86 4
252 88 4
252 89 4
252 96 4
252 97 4
252 99 4
252 111 3
252 121 3
252 124 4
252 127 4
252 132 4
252 134 4
252 135 4
252 136 4
252 143 4
252 152 5
252 154 4
252 156 4
252 161 3
252 162 4
252 163 4
252 168 4
252 170 4
252 171 4
252 173 4
252 174 4
252 180 4
252 181 4
252 183 4
252 185 4
252 186 4
252 187 4
252 188 4
252 191 4
252 194 4
252 195 4
252 197 4
252 201 3
252 202 4
252 203 4
252 204 4
252 207 5
252 212 3
252 216 4
252 234 4
252 237 4
252 243 2
252 245 3
252 259 2
252 269 4
252 276 4
252 286 4
252 294 3
252 318 4
252 371 2
252 384 3
252 404 4
252 418 4
252 419 4
252 420 5
252 423 4
252 427 4
252 430 4
252 432 3
252 435 4
252 443 4
252 455 3
252 458 3
252 461 4
252 462 4
252 465 4
252 467 4
252 472 3
252 479 4
252 482 4
252 483 4
252 485 4
252 488 4
252 491 4
252 492 3
252 494 1
252 495 4
252 496 4
252 498 4
252 502 5
252 506 4
252 510 4
252 513 4
252 517 4
252 518 4
252 521 3
252 523 4
252 526 4
252 530 4
252 531 4
252 554 3
252 576 3
252 588 4
252 597 4
252 603 4
252 609 3
252 614 4
252 615 5
252 624 5
252 631 4
252 636 3
252 641 3
252 648 4
252 654 4
252 659 5
252 660 4
252 684 4
252 729 3
252 736 4
252 780 3
252 781 3
252 792 4
252 805 3
252 815 3
252 863 3
252 874 5
252 924 4
252 947 3
252 969 3
252 971 4
253 3 3
253 4 4
253 7 4
253 9 4
253 11 3
253 12 4
253 17 3
253 22 4
253 24 3
253 33 3
253 42 4
253 48 3
253 49 3
253 50 4
253 53 4
253 59 4
253 68 3
253 69 3
253 73 3
253 79 4
253 80 3
253 93 4
253 94 3
253 97 3
253 98 4
253 100 5
253 117 3
253 122 2
253 125 3
253 132 4
253 143 4
253 154 3
253 156 3
253 157 4
253 158 4
253 164 3
253 168 4
253 172 4
253 174 4
253 181 3
253 186 4
253 188 3
253 196 3
253 204 3
253 210 4
253 231 3
253 233 4
253 238 4
253 239 3
253 246 4
253 248 3
253 254 2
253 258 4
253 268 3
253 276 4
253 288 4
253 298 4
253 318 4
253 354 3
253 356 2
253 357 4
253 364 5
253 367 3
253 369 2
253 384 4
253 385 3
253 393 3
253 401 2
253 402 3
253 410 3
253 412 2
253 416 2
253 421 3
253 423 4
253 424 3
253 427 4
253 456 1
253 471 3
253 475 4
253 476 2
253 496 4
253 508 4
253 509 3
253 515 4
253 550 4
253 552 3
253 566 3
253 568 3
253 578 2
253 586 2
253 591 4
253 628 3
253 651 4
253 655 4
253 684 3
253 693 4
253 697 5
253 717 3
253 721 3
253 742 4
253 871 3
253 959 3
253 963 5
253 975 4
254 1 3
254 11 3
254 12 3
254 15 2
254 22 3
254 28 3
254 50 3
254 51 2
254 55 3
254 56 2
254 58 2
254 66 3
254 69 3
254 70 3
254 73 3
254 76 5
254 77 3
254 79 3
254 82 3
254 87 3
254 88 2
254 89 3
254 96 3
254 97 3
254 98 3
254 99 3
254 100 3
254 107 2
254 114 2
254 117 3
254 118 3
254 121 3
254 124 3
254 131 2
254 133 2
254 134 3
254 136 3
254 143 3
254 144 3
254 153 3
254 161 2
254 162 2
254 164 3
254 169 3
254 172 3
254 173 4
254 174 4
254 181 3
254 182 3
254 185 3
254 191 3
254 195 4
254 196 3
254 197 3
254 199 3
254 202 3
254 203 2
254 204 3
254 210 3
254 211 2
254 215 3
254 222 2
254 228 2
254 234 3
254 237 3
254 245 2
254 248 3
254 250 3
254 255 2
254 257 2
254 258 3
254 259 2
254 260 1
254 270 3
254 272 3
254 277 3
254 279 4
254 286 3
254 289 1
254 293 2
254 300 3
254 310 3
254 315 4
254 316 4
254 317 2
254 318 3
254 322 2
254 323 1
254 326 2
254 356 2
254 357 3
254 378 3
254 385 3
254 392 3
254 414 3
254 418 3
254 419 3
254 423 3
254 427 3
254 431 3
254 434 4
254 435 3
254 451 2
254 465 2
254 468 1
254 474 3
254 478 3
254 479 3
254 482 2
254 483 3
254 484 3
254 485 4
254 487 3
254 490 2
254 492 2
254 493 4
254 496 3
254 497 1
254 507 2
254 509 2
254 519 3
254 520 3
254 526 2
254 528 3
254 531 2
254 566 2
254 568 3
254 603 3
254 605 1
254 607 1
254 610 2
254 612 4
254 614 2
254 627 2
254 631 1
254 633 1
254 642 3
254 649 5
254 651 3
254 654 3
254 655 3
254 657 3
254 659 3
254 660 3
254 661 3
254 678 2
254 685 2
254 686 3
254 692 2
254 693 1
254 694 5
254 705 3
254 707 3
254 724 4
254 735 2
254 736 3
254 740 2
254 742 3
254 746 2
254 836 1
254 837 2
254 842 3
254 873 1
254 875 1
254 879 2
254 939 3
254 945 3
254 956 1
254 968 1
255 1 4
255 2 3
255 4 4
255 7 4
255 8 4
255 9 4
255 12 4
255 14 4
255 17 3
255 20 2
255 24 3
255 25 3
255 31 4
255 39 3
255 40 5
255 42 4
255 44 3
255 47 4
255 53 5
255 56 4
255 57 5
255 58 4
255 64 5
255 69 4
255 70 4
255 71 4
255 87 4
255 95 4
255 96 4
255 97 4
255 98 4
255 100 5
255 118 3
255 123 3
255 125 4
255 126 5
255 127 4
255 135 4
255 148 3
255 161 4
255 170 4
255 174 4
255 176 4
255 191 4
255 196 4
255 197 4
255 204 4
255 214 3
255 217 3
255 222 4
255 223 5
255 228 4
255 234 4
255 237 4
255 241 4
255 245 3
255 252 3
255 255 4
255 257 4
255 265 4
255 270 4
255 275 4
255 276 3
255 277 1
255 279 5
255 281 4
255 282 4
255 288 3
255 289 4
255 291 3
255 292 3
255 293 3
255 300 4
255 301 4
255 304 4
255 307 3
255 313 5
255 317 4
255 318 5
255 321 3
255 323 4
255 334 4
255 343 3
255 380 3
255 382 3
255 393 4
255 402 4
255 405 3
255 423 4
255 428 4
255 447 5
255 455 3
255 462 3
255 465 4
255 471 4
255 475 4
255 504 4
255 508 4
255 511 4
255 515 4
255 518 5
255 529 5
255 531 4
255 582 4
255 584 2
255 591 4
255 597 3
255 627 1
255 628 4
255 629 4
255 647 3
255 660 4
255 678 3
255 692 4
255 694 5
255 709 4
255 724 1
255 727 3
255 738 3
255 747 4
255 755 1
255 778 3
255 898 1
255 934 3
255 939 3
256 1 3
256 3 2
256 4 4
256 9 4
256 12 4
256 13 3
256 22 4
256 23 4
256 32 4
256 42 3
256 46 4
256 50 4
256 53 3
256 54 3
256 57 3
256 60 4
256 61 3
256 68 3
256 69 3
256 71 4
256 79 4
256 80 3
256 86 4
256 91 3
256 92 4
256 95 4
256 97 4
256 100 4
256 101 3
256 111 4
256 121 4
256 125 4
256 127 4
256 133 4
256 135 4
256 143 4
256 161 3
256 168 4
256 170 4
256 172 4
256 174 5
256 175 4
256 177 4
256 179 4
256 181 3
256 182 4
256 185 4
256 186 4
256 187 4
256 188 3
256 194 4
256 196 4
256 197 5
256 200 3
256 202 3
256 210 4
256 211 4
256 218 4
256 222 4
256 226 3
256 228 4
256 231 3
256 232 3
256 234 4
256 238 4
256 268 4
256 273 4
256 274 4
256 282 4
256 286 4
256 294 3
256 325 3
256 346 4
256 357 4
256 366 5
256 369 1
256 380 4
256 403 4
256 410 3
256 414 3
256 419 4
256 421 4
256 423 4
256 427 4
256 431 3
256 432 3
256 433 4
256 443 3
256 448 3
256 449 2
256 452 1
256 460 1
256 461 2
256 462 4
256 474 4
256 475 4
256 479 4
256 484 4
256 490 4
256 498 4
256 505 4
256 506 4
256 508 4
256 523 4
256 546 3
256 559 3
256 568 3
256 578 1
256 581 3
256 582 3
256 603 4
256 608 5
256 616 4
256 640 3
256 655 4
256 658 4
256 660 4
256 662 5
256 672 1
256 673 3
256 693 2
256 696 4
256 708 3
256 710 5
256 715 4
256 720 4
256 721 1
256 737 3
256 743 1
256 763 2
256 789 4
256 806 4
256 818 3
256 845 3
256 864 3
256 919 4
256 922 5
256 933 3
256 943 4
256 955 3
256 959 5
256 963 4
256 979 3
256 985 3
257 4 5
257 7 5
257 8 4
257 9 5
257 11 5
257 12 5
257 14 5
257 15 5
257 20 5
257 27 3
257 31 5
257 38 4
257 44 5
257 45 5
257 48 5
257 50 5
257 51 4
257 52 5
257 53 4
257 54 4
257 56 4
257 57 5
257 58 5
257 59 5
257 62 4
257 64 5
257 65 5
257 66 4
257 70 4
257 77 5
257 79 5
257 82 5
257 83 4
257 86 4
257 89 5
257 91 4
257 94 4
257 96 5
257 97 5
257 100 5
257 105 3
257 114 5
257 117 4
257 118 4
257 122 3
257 127 5
257 132 5
257 134 4
257 137 5
257 143 5
257 144 5
257 148 4
257 151 4
257 155 4
257 156 4
257 157 5
257 161 4
257 162 4
257 164 5
257 168 5
257 172 5
257 173 5
257 174 5
257 176 5
257 180 5
257 181 5
257 182 5
257 183 5
257 185 5
257 186 5
257 190 5
257 191 5
257 192 4
257 193 5
257 194 5
257 195 5
257 196 5
257 197 5
257 200 5
257 203 5
257 204 4
257 209 5
257 214 4
257 215 4
257 216 4
257 218 4
257 219 3
257 226 4
257 229 4
257 230 4
257 231 3
257 232 4
257 234 4
257 235 4
257 237 5
257 239 5
257 240 4
257 241 4
257 243 3
257 248 5
257 257 4
257 258 5
257 265 5
257 282 4
257 285 5
257 288 5
257 304 5
257 318 5
257 357 5
257 366 4
257 370 3
257 372 4
257 373 4
257 378 4
257 380 5
257 385 4
257 393 5
257 395 5
257 401 4
257 402 5
257 403 4
257 405 4
257 410 4
257 411 3
257 412 3
257 417 4
257 425 4
257 428 5
257 436 5
257 443 5
257 448 4
257 450 3
257 452 4
257 453 2
257 455 4
257 456 4
257 458 3
257 462 4
257 469 4
257 470 5
257 471 4
257 472 4
257 473 4
257 474 5
257 476 3
257 483 5
257 500 5
257 507 5
257 509 4
257 527 5
257 529 4
257 531 5
257 540 4
257 546 4
257 549 4
257 553 5
257 559 4
257 566 5
257 568 4
257 582 4
257 584 4
257 588 5
257 597 4
257 623 3
257 628 5
257 629 4
257 631 4
257 632 1
257 636 4
257 640 3
257 651 5
257 655 5
257 658 5
257 664 4
257 673 5
257 679 4
257 692 4
257 699 5
257 704 3
257 708 4
257 709 5
257 717 4
257 720 4
257 722 4
257 727 2
257 729 4
257 732 5
257 739 4
257 742 4
257 744 4
257 747 4
257 755 5
257 756 4
257 758 2
257 769 5
257 770 4
257 775 3
257 783 4
257 792 5
257 819 1
257 825 3
257 841 3
257 845 5
257 871 4
257 931 4
257 934 3
257 948 4
257 949 4
257 959 1
257 980 4
258 8 4
258 9 5
258 12 4
258 13 4
258 14 5
258 20 4
258 23 5
258 25 4
258 28 4
258 32 4
258 48 4
258 50 4
258 57 4
258 58 4
258 86 4
258 96 4
258 98 4
258 117 4
258 121 4
258 124 4
258 126 5
258 127 4
258 129 4
258 134 4
258 143 3
258 144 4
258 147 4
258 152 4
258 169 5
258 174 5
258 178 4
258 179 4
258 180 4
258 181 4
258 182 4
258 183 5
258 189 4
258 190 4
258 191 4
258 192 5
258 193 4
258 195 4
258 203 4
258 208 5
258 209 4
258 234 4
258 237 4
258 238 5
258 245 3
258 250 4
258 255 3
258 273 4
258 278 5
258 282 4
258 283 4
258 284 4
258 285 4
258 286 4
258 287 4
258 288 4
258 293 3
258 298 4
258 301 3
258 304 4
258 307 4
258 317 4
258 318 4
258 319 3
258 321 4
258 330 3
258 333 4
258 346 3
258 357 5
258 387 4
258 405 4
258 408 5
258 410 3
258 423 4
258 425 4
258 427 4
258 430 5
258 467 5
258 469 4
258 473 3
258 474 4
258 496 4
258 509 4
258 514 5
258 517 4
258 521 3
258 526 4
258 529 4
258 530 4
258 546 4
258 582 4
258 588 4
258 589 4
258 591 4
258 597 3
258 603 4
258 632 5
258 644 4
258 648 4
258 651 4
258 654 4
258 663 4
258 685 4
258 694 5
258 696 4
258 704 3
258 709 4
258 717 3
258 736 4
258 742 4
258 750 4
258 753 4
258 792 4
258 844 1
258 847 4
258 896 5
258 925 3
258 939 5
258 952 5
258 956 4
258 980 3
259 1 3
259 3 2
259 7 4
259 8 4
259 15 3
259 16 4
259 19 3
259 22 4
259 25 3
259 100 4
259 108 1
259 111 3
259 117 3
259 120 2
259 121 3
259 123 3
259 134 4
259 147 3
259 148 3
259 164 3
259 172 4
259 174 4
259 181 4
259 194 3
259 216 3
259 220 4
259 222 3
259 225 3
259 230 3
259 245 3
259 249 3
259 250 3
259 255 4
259 258 4
259 264 3
259 278 3
259 282 3
259 286 4
259 289 3
259 291 3
259 295 2
259 300 3
259 301 3
259 322 3
259 323 3
259 328 3
259 332 3
259 333 3
259 336 2
259 357 4
259 358 2
259 411 3
259 472 3
259 473 2
259 523 3
259 546 3
259 568 3
259 596 3
259 597 3
259 651 4
259 676 3
259 678 3
259 685 3
259 687 1
259 742 4
259 748 2
259 815 3
259 825 2
259 827 2
259 832 2
259 846 3
259 864 2
259 866 3
259 873 1
259 879 3
259 934 3
259 969 1
259 978 1
259 989 3
260 1 4
260 7 4
260 10 4
260 14 5
260 20 3
260 117 4
260 127 5
260 129 4
260 146 3
260 221 4
260 224 1
260 242 5
260 248 4
260 250 4
260 253 4
260 257 4
260 258 4
260 273 4
260 275 4
260 276 4
260 279 4
260 286 4
260 289 4
260 294 3
260 297 5
260 301 4
260 302 4
260 303 4
260 307 4
260 311 3
260 322 4
260 327 4
260 458 4
260 515 4
260 532 4
260 591 4
260 676 4
260 713 4
260 744 4
261 121 4
261 158 3
261 242 4
261 255 3
261 269 4
261 285 4
261 302 4
261 304 4
261 319 3
261 347 3
261 682 3
262 11 4
262 22 4
262 100 5
262 136 4
262 237 4
262 259 3
262 271 3
262 288 4
262 289 3
262 292 5
262 300 4
262 313 5
262 321 3
262 332 3
262 358 3
262 678 3
262 682 2
262 866 4
262 895 3
263 3 2
263 7 2
263 10 2
263 14 3
263 15 3
263 20 3
263 24 2
263 50 4
263 93 3
263 100 3
263 103 1
263 107 3
263 112 2
263 116 3
263 117 3
263 121 3
263 124 3
263 126 3
263 127 3
263 137 3
263 147 2
263 149 2
263 150 3
263 151 2
263 221 3
263 224 3
263 225 2
263 235 1
263 242 3
263 243 1
263 244 1
263 248 3
263 249 2
263 250 3
263 253 3
263 257 2
263 258 3
263 268 3
263 270 3
263 274 2
263 282 3
263 283 3
263 284 2
263 285 3
263 288 2
263 301 2
263 304 3
263 306 3
263 311 2
263 319 2
263 347 2
263 362 1
263 455 2
263 472 2
263 473 2
263 475 2
263 477 2
263 508 3
263 544 2
263 593 3
263 596 1
263 597 2
263 689 2
263 741 2
263 744 2
263 751 2
263 819 4
263 845 3
263 864 1
263 870 3
263 880 5
263 887 3
263 926 1
263 930 2
263 950 2
263 952 2
263 988 2
263 993 2
264 16 1
264 116 4
264 176 4
264 181 5
264 194 5
264 248 3
264 258 4
264 260 3
264 269 4
264 286 4
264 289 3
264 293 3
264 298 4
264 300 4
264 301 4
264 321 4
264 322 3
264 328 3
264 333 4
264 358 3
264 482 4
264 603 4
264 678 3
264 705 4
264 709 4
264 748 4
264 879 4
265 1 4
265 7 4
265 8 4
265 12 4
265 22 5
265 28 4
265 32 4
265 56 4
265 64 4
265 87 5
265 97 4
265 100 4
265 109 4
265 114 4
265 132 4
265 134 4
265 136 4
265 143 3
265 154 4
265 169 5
265 172 4
265 174 4
265 175 4
265 179 4
265 180 4
265 181 4
265 190 4
265 191 4
265 194 4
265 198 4
265 199 4
265 202 4
265 257 4
265 258 4
265 283 4
265 286 4
265 300 4
265 318 4
265 319 4
265 395 3
265 404 4
265 423 4
265 428 4
265 474 4
265 475 4
265 478 4
265 481 3
265 496 3
265 529 4
265 584 2
265 588 4
265 603 4
265 615 4
265 638 4
265 651 5
265 656 5
265 705 5
265 855 1
266 2 3
266 11 4
266 22 5
266 24 4
266 27 3
266 50 5
266 55 4
266 56 5
266 62 3
266 79 4
266 87 4
266 89 4
266 95 4
266 96 4
266 98 4
266 117 4
266 127 5
266 128 4
266 144 4
266 174 4
266 181 5
266 182 4
266 183 5
266 184 4
266 187 5
266 188 4
266 210 4
266 231 3
266 232 3
266 258 4
266 265 4
266 268 4
266 269 4
266 273 4
266 288 3
266 292 3
266 294 3
266 302 4
266 306 4
266 308 4
266 313 5
266 315 4
266 321 4
266 324 3
266 326 3
266 327 4
266 328 4
266 331 4
266 333 3
266 334 4
266 346 4
266 349 3
266 350 3
266 354 4
266 357 4
266 385 4
266 405 4
266 455 4
266 518 4
266 546 4
266 550 4
266 566 4
266 568 4
266 651 4
266 682 2
266 748 3
266 873 1
266 882 4
266 885 2
266 898 2
266 902 3
266 908 2
266 995 4
267 7 4
267 10 4
267 24 4
267 50 4
267 93 4
267 100 4
267 108 4
267 109 4
267 150 3
267 240 3
267 246 4
267 248 3
267 249 3
267 264 3
267 268 3
267 269 4
267 273 3
267 276 4
267 298 3
267 327 3
267 340 4
267 455 4
267 475 4
267 742 4
267 762 3
267 919 5
268 1 3
268 4 4
268 7 4
268 8 4
268 13 3
268 15 4
268 19 3
268 22 4
268 23 4
268 25 3
268 31 4
268 39 3
268 42 3
268 47 3
268 51 3
268 56 4
268 58 4
268 69 3
268 70 3
268 71 3
268 95 3
268 96 4
268 97 3
268 98 4
268 100 4
268 111 3
268 116 3
268 118 3
268 121 3
268 126 3
268 132 4
268 137 4
268 144 4
268 150 4
268 153 3
268 157 4
268 159 4
268 160 4
268 170 4
268 172 4
268 173 4
268 178 4
268 180 4
268 181 4
268 182 4
268 191 4
268 192 4
268 195 4
268 200 3
268 209 4
268 214 3
268 216 4
268 222 4
268 238 4
268 246 4
268 251 2
268 257 4
268 258 4
268 273 3
268 283 4
268 285 4
268 293 4
268 294 3
268 297 3
268 318 4
268 321 3
268 357 4
268 367 3
268 377 3
268 405 3
268 411 2
268 423 4
268 427 4
268 428 4
268 435 4
268 462 4
268 469 3
268 471 3
268 475 3
268 498 4
268 507 3
268 529 4
268 544 2
268 582 3
268 603 4
268 612 4
268 642 3
268 655 4
268 662 4
268 692 3
268 699 4
268 724 4
268 742 3
268 826 3
268 856 4
268 926 2
268 952 3
269 64 5
269 65 5
269 127 5
269 134 5
269 136 5
269 153 5
269 194 5
269 199 5
269 215 5
269 286 5
269 306 5
269 483 5
269 484 5
269 490 5
269 495 5
269 507 5
269 511 5
269 520 5
269 530 5
269 582 5
269 605 5
269 610 5
269 611 3
269 641 5
269 654 5
269 656 5
269 705 5
269 855 5
269 923 2
270 1 3
270 7 3
270 9 4
270 13 2
270 19 5
270 50 3
270 93 3
270 100 4
270 118 2
270 125 3
270 150 3
270 181 4
270 221 2
270 235 1
270 248 3
270 257 3
270 258 4
270 276 3
270 283 4
270 284 3
270 285 3
270 286 3
270 293 3
270 294 3
270 295 4
270 360 2
270 458 3
270 471 3
270 475 3
270 508 3
270 544 3
270 546 2
270 813 2
270 824 5
270 919 4
270 950 5
270 952 1
271 1 4
271 8 4
271 50 4
271 94 3
271 95 4
271 99 5
271 140 1
271 225 4
271 404 3
271 418 3
271 477 4
271 501 3
271 596 3
271 768 5
271 878 2
271 932 4
271 969 4
272 1 4
272 2 4
272 3 4
272 4 4
272 7 5
272 11 5
272 12 5
272 21 4
272 24 3
272 27 1
272 28 5
272 29 3
272 33 4
272 38 4
272 41 3
272 43 5
272 49 4
272 51 4
272 56 5
272 63 4
272 64 5
272 66 5
272 68 4
272 69 5
272 71 5
272 72 4
272 73 4
272 78 1
272 79 4
272 80 2
272 82 3
272 88 5
272 90 4
272 94 4
272 97 4
272 99 4
272 101 5
272 109 5
272 117 5
272 118 4
272 120 3
272 121 4
272 122 3
272 123 4
272 132 4
272 135 4
272 141 5
272 151 4
272 161 4
272 168 5
272 172 4
272 173 5
272 174 5
272 175 5
272 177 5
272 181 5
272 183 5
272 185 5
272 186 5
272 193 5
272 195 5
272 196 5
272 204 4
272 210 5
272 215 4
272 217 4
272 218 5
272 226 4
272 228 5
272 229 4
272 232 3
272 233 5
272 234 4
272 239 4
272 240 4
272 250 4
272 254 1
272 255 4
272 258 5
272 260 3
272 271 4
272 288 4
272 313 5
272 318 5
272 323 3
272 343 4
272 355 5
272 358 3
272 362 4
272 365 5
272 368 3
272 370 1
272 373 3
272 374 4
272 375 4
272 378 5
272 380 4
272 384 3
272 386 5
272 391 2
272 392 4
272 393 5
272 395 3
272 400 4
272 401 3
272 404 4
272 411 3
272 416 4
272 417 3
272 418 5
272 431 5
272 443 4
272 449 3
272 465 4
272 473 4
272 475 4
272 477 4
272 485 5
272 496 5
272 501 4
272 541 3
272 546 4
272 548 4
272 550 5
272 552 1
272 559 3
272 561 3
272 562 4
272 567 5
272 568 4
272 569 5
272 576 3
272 577 5
272 578 4
272 584 4
272 588 5
272 597 4
272 609 4
272 625 4
272 633 1
272 655 5
272 665 4
272 672 4
272 685 4
272 689 4
272 715 4
272 720 3
272 739 4
272 742 4
272 743 2
272 746 3
272 747 4
272 751 5
272 755 3
272 756 3
272 758 2
272 760 5
272 763 5
272 768 4
272 771 3
272 780 4
272 790 3
272 796 3
272 810 5
272 826 1
272 834 3
272 877 1
272 890 3
272 895 3
272 924 4
272 928 3
272 930 3
272 931 2
272 940 4
272 946 5
272 951 4
272 977 3
273 7 4
273 9 4
273 10 3
273 14 4
273 25 3
273 116 4
273 124 4
273 129 3
273 137 4
273 242 5
273 257 4
273 275 4
273 276 4
273 293 4
273 302 4
273 303 3
273 319 3
273 327 3
273 547 3
273 813 4
274 7 5
274 8 5
274 11 4
274 12 5
274 13 4
274 14 5
274 15 4
274 22 5
274 23 5
274 26 5
274 42 5
274 44 5
274 45 5
274 48 4
274 50 5
274 52 4
274 58 4
274 60 5
274 61 5
274 64 5
274 66 5
274 68 4
274 69 5
274 70 4
274 71 5
274 72 4
274 73 4
274 76 5
274 77 4
274 79 5
274 83 5
274 86 5
274 87 5
274 88 4
274 89 5
274 92 4
274 97 4
274 98 5
274 99 5
274 100 5
274 107 5
274 116 5
274 117 5
274 121 5
274 131 4
274 132 4
274 134 5
274 135 5
274 136 5
274 141 5
274 150 5
274 161 4
274 168 5
274 170 5
274 171 5
274 172 5
274 173 5
274 175 5
274 176 5
274 178 5
274 179 5
274 180 5
274 181 5
274 182 5
274 183 5
274 191 5
274 192 5
274 193 4
274 194 5
274 195 5
274 196 5
274 198 5
274 203 5
274 205 5
274 207 4
274 208 5
274 210 5
274 211 4
274 212 4
274 215 4
274 216 5
274 218 4
274 221 5
274 227 4
274 230 4
274 234 4
274 237 5
274 238 5
274 244 5
274 248 5
274 252 4
274 257 4
274 258 5
274 265 5
274 274 4
274 275 5
274 276 5
274 282 4
274 283 5
274 285 5
274 288 4
274 289 4
274 291 5
274 293 5
274 298 5
274 302 5
274 313 5
274 315 5
274 316 5
274 317 4
274 322 4
274 326 4
274 346 4
274 356 4
274 380 5
274 382 5
274 385 4
274 410 4
274 414 4
274 416 3
274 418 5
274 419 4
274 430 5
274 434 5
274 435 5
274 436 5
274 461 5
274 462 4
274 463 5
274 470 4
274 474 5
274 475 5
274 478 5
274 480 5
274 481 5
274 483 5
274 484 5
274 486 5
274 488 5
274 489 1
274 490 5
274 491 5
274 493 5
274 495 4
274 496 5
274 497 4
274 498 5
274 499 5
274 503 4
274 506 5
274 507 4
274 508 5
274 511 5
274 513 5
274 514 5
274 517 4
274 518 5
274 519 5
274 520 5
274 521 4
274 525 5
274 526 4
274 527 4
274 528 5
274 529 5
274 530 5
274 553 4
274 566 4
274 584 1
274 591 5
274 601 4
274 602 5
274 603 5
274 604 5
274 605 4
274 607 5
274 610 4
274 614 4
274 615 4
274 618 5
274 628 4
274 633 5
274 641 5
274 642 4
274 646 4
274 648 5
274 649 5
274 651 5
274 653 4
274 657 5
274 659 5
274 660 5
274 661 5
274 664 4
274 676 4
274 684 5
274 685 4
274 692 5
274 696 5
274 697 5
274 699 5
274 705 5
274 707 5
274 708 4
274 709 4
274 735 4
274 736 5
274 744 5
274 756 4
274 789 5
274 792 3
274 836 5
274 848 5
274 921 4
274 923 5
274 939 5
274 943 4
274 945 5
274 963 5
274 966 5
274 971 4
274 996 5
275 70 4
275 100 5
275 127 5
275 259 3
275 286 5
275 313 5
275 381 5
276 4 4
276 26 4
276 33 3
276 56 4
276 63 3
276 67 2
276 72 3
276 73 3
276 80 3
276 83 4
276 88 3
276 168 4
276 173 5
276 175 4
276 186 4
276 202 4
276 204 4
276 209 3
276 211 4
276 216 4
276 232 3
276 238 4
276 239 4
276 288 3
276 294 3
276 300 3
276 328 3
276 343 3
276 367 3
276 386 3
276 435 4
276 579 3
276 648 4
276 655 4
276 692 3
276 710 2
276 712 2
276 715 3
276 734 3
276 738 3
276 748 2
276 765 5
276 781 3
276 790 3
276 792 4
276 890 2
276 944 1
276 999 4
277 20 4
277 25 3
277 36 4
277 49 5
277 88 5
277 90 4
277 237 4
277 255 5
277 282 4
277 289 3
277 294 4
277 369 4
277 553 1
277 709 5
277 722 4
277 731 4
277 732 4
277 756 3
277 781 4
277 846 5
278 1 5
278 7 5
278 17 3
278 23 4
278 26 5
278 28 4
278 40 4
278 42 4
278 48 4
278 50 5
278 65 4
278 69 4
278 72 4
278 77 4
278 79 5
278 81 4
278 93 5
278 98 4
278 111 4
278 122 2
278 134 5
278 143 4
278 145 2
278 151 4
278 160 4
278 161 4
278 188 4
278 196 5
278 216 4
278 218 4
278 219 1
278 222 4
278 231 3
278 237 4
278 238 4
278 255 4
278 276 4
278 282 4
278 288 4
278 300 4
278 318 5
278 327 3
278 340 4
278 350 4
278 354 5
278 357 4
278 367 4
278 369 3
278 381 4
278 392 4
278 403 4
278 410 4
278 412 3
278 427 4
278 447 4
278 451 4
278 467 4
278 469 4
278 518 5
278 568 4
278 591 4
278 604 4
278 616 5
278 655 4
278 658 4
278 673 4
278 684 4
278 743 2
278 763 3
278 843 3
278 866 4
278 959 4
278 975 4
279 1 4
279 8 4
279 24 3
279 28 4
279 31 3
279 50 4
279 54 3
279 55 4
279 58 4
279 66 3
279 70 3
279 71 4
279 79 4
279 82 4
279 88 4
279 89 4
279 95 4
279 96 4
279 97 4
279 100 4
279 101 3
279 108 5
279 111 3
279 117 4
279 118 3
279 121 3
279 122 2
279 127 4
279 133 4
279 135 4
279 144 3
279 147 3
279 148 3
279 153 4
279 161 4
279 164 4
279 168 4
279 172 4
279 173 4
279 174 4
279 175 4
279 176 4
279 177 4
279 179 4
279 180 4
279 181 4
279 182 3
279 183 4
279 185 4
279 187 4
279 188 4
279 189 4
279 190 4
279 195 4
279 197 4
279 198 4
279 201 3
279 204 4
279 209 3
279 210 4
279 211 4
279 213 3
279 215 3
279 216 3
279 228 4
279 230 3
279 241 4
279 248 3
279 249 3
279 255 3
279 257 3
279 258 4
279 261 5
279 264 3
279 265 4
279 266 2
279 270 4
279 272 4
279 274 3
279 281 3
279 282 4
279 286 4
279 288 3
279 294 3
279 295 5
279 298 3
279 300 3
279 304 4
279 325 3
279 328 3
279 356 3
279 358 3
279 380 4
279 385 3
279 398 2
279 405 3
279 421 4
279 422 3
279 423 4
279 436 4
279 455 3
279 463 4
279 472 2
279 479 4
279 483 4
279 489 4
279 510 4
279 511 4
279 523 4
279 526 3
279 528 4
279 535 3
279 546 3
279 566 3
279 588 4
279 602 3
279 604 3
279 616 3
279 629 4
279 632 4
279 640 3
279 651 4
279 655 4
279 680 5
279 688 1
279 692 3
279 727 3
279 732 3
279 739 3
279 748 2
279 751 3
279 752 1
279 840 2
279 879 3
279 931 1
279 945 4
280 8 4
280 12 4
280 64 4
280 89 4
280 96 3
280 100 4
280 114 5
280 127 4
280 165 4
280 172 4
280 174 4
280 175 4
280 183 4
280 190 4
280 191 4
280 213 4
280 234 3
280 237 4
280 257 4
280 258 4
280 265 3
280 272 4
280 298 4
280 347 3
280 462 3
280 479 4
280 483 4
280 504 4
280 510 4
280 511 4
280 517 3
280 603 4
280 615 3
280 642 3
280 661 4
280 705 4
280 863 1
281 4 4
281 42 5
281 50 5
281 66 4
281 70 5
281 86 5
281 100 5
281 153 5
281 163 4
281 173 5
281 190 4
281 197 5
281 204 5
281 207 2
281 210 5
281 216 4
281 283 4
281 313 4
281 318 5
281 322 4
281 367 4
281 427 4
281 430 5
281 479 5
281 484 5
281 505 5
281 507 4
281 524 3
281 648 5
281 650 5
281 659 5
281 678 3
281 692 4
281 780 4
282 127 4
282 257 4
282 269 4
282 288 3
282 295 1
282 298 3
282 311 4
282 315 4
282 346 4
282 876 1
282 881 3
282 988 2
283 1 3
283 12 4
283 20 4
283 99 3
283 107 3
283 109 3
283 116 3
283 121 3
283 151 2
283 180 3
283 195 3
283 197 4
283 199 3
283 229 3
283 230 3
283 250 3
283 257 3
283 270 2
283 271 2
283 274 3
283 275 3
283 277 3
283 286 3
283 290 2
283 313 4
283 318 4
283 365 3
283 380 4
283 405 2
283 449 3
283 450 2
283 462 3
283 480 3
283 538 2
283 582 3
283 612 1
283 743 1
283 900 5
284 1 5
284 7 5
284 9 5
284 15 5
284 24 5
284 25 4
284 28 5
284 29 4
284 50 5
284 51 4
284 53 4
284 56 5
284 69 5
284 70 4
284 71 5
284 73 5
284 79 5
284 82 4
284 94 5
284 96 5
284 97 5
284 98 5
284 111 5
284 122 3
284 135 5
284 136 5
284 141 4
284 143 5
284 144 5
284 150 5
284 151 5
284 168 5
284 173 5
284 174 5
284 181 5
284 195 5
284 202 5
284 204 5
284 216 5
284 222 5
284 227 5
284 229 4
284 234 5
284 235 4
284 237 5
284 248 5
284 250 5
284 252 4
284 255 4
284 257 5
284 258 5
284 274 5
284 275 5
284 293 5
284 294 3
284 300 5
284 313 5
284 315 5
284 318 5
284 343 5
284 385 4
284 392 5
284 399 4
284 405 4
284 419 5
284 422 5
284 427 5
284 431 5
284 449 4
284 451 5
284 463 5
284 472 4
284 510 5
284 550 5
284 554 4
284 560 4
284 562 5
284 568 5
284 578 3
284 588 5
284 597 5
284 625 4
284 651 5
284 655 5
284 665 4
284 679 4
284 692 4
284 699 4
284 746 2
284 778 5
284 823 4
284 829 3
284 849 3
284 879 5
284 924 5
284 926 3
285 288 2
285 289 2
285 303 3
285 307 3
285 313 4
285 319 2
285 321 2
285 326 3
285 330 1
285 347 2
285 748 2
286 1 3
286 3 4
286 7 4
286 10 3
286 13 3
286 14 4
286 15 4
286 93 3
286 109 3
286 111 3
286 121 3
286 123 3
286 124 4
286 125 2
286 127 4
286 129 3
286 137 4
286 146 4
286 147 3
286 150 3
286 151 3
286 181 4
286 220 5
286 221 4
286 235 2
286 236 4
286 237 3
286 245 2
286 248 3
286 250 3
286 255 3
286 257 3
286 258 3
286 262 4
286 264 2
286 270 3
286 273 3
286 275 4
286 276 3
286 277 3
286 280 3
286 282 3
286 284 2
286 285 4
286 286 3
286 287 4
286 295 4
286 298 3
286 299 3
286 300 3
286 305 4
286 319 3
286 321 2
286 322 2
286 327 2
286 331 3
286 332 3
286 333 2
286 460 3
286 471 3
286 475 3
286 476 2
286 508 3
286 591 3
286 595 1
286 597 2
286 620 3
286 628 3
286 678 3
286 689 3
286 690 2
286 696 3
286 717 3
286 718 5
286 742 3
286 748 3
286 762 3
286 766 4
286 818 3
286 823 3
286 846 1
286 864 2
286 872 1
286 874 5
286 879 2
286 880 3
286 882 3
286 886 4
286 887 5
286 924 1
286 935 3
286 936 5
286 975 1
286 994 3
286 995 4
287 1 4
287 2 3
287 3 3
287 4 3
287 12 4
287 17 3
287 25 4
287 28 4
287 31 3
287 38 3
287 42 3
287 43 5
287 45 4
287 48 4
287 49 3
287 50 4
287 55 3
287 58 3
287 66 4
287 68 3
287 69 3
287 71 4
287 73 3
287 76 4
287 77 3
287 79 4
287 81 4
287 82 3
287 87 4
287 88 3
287 92 3
287 95 4
287 96 4
287 97 3
287 99 4
287 100 4
287 111 4
287 117 4
287 121 3
287 125 4
287 128 4
287 133 4
287 136 4
287 140 2
287 143 3
287 144 4
287 150 4
287 160 4
287 161 4
287 172 4
287 174 4
287 176 4
287 179 4
287 181 4
287 183 4
287 188 4
287 191 4
287 194 4
287 195 5
287 196 4
287 202 4
287 206 3
287 215 3
287 216 3
287 218 4
287 222 4
287 226 3
287 227 4
287 230 3
287 232 3
287 237 3
287 239 4
287 249 3
287 252 3
287 255 3
287 257 4
287 258 4
287 259 2
287 260 2
287 265 4
287 270 3
287 272 4
287 273 4
287 276 3
287 280 4
287 282 4
287 286 4
287 288 3
287 289 3
287 293 4
287 294 3
287 298 3
287 300 3
287 318 4
287 333 3
287 347 4
287 356 3
287 366 3
287 367 3
287 378 3
287 402 4
287 411 3
287 412 3
287 423 4
287 432 4
287 455 3
287 462 4
287 470 3
287 471 3
287 474 4
287 501 4
287 540 2
287 541 3
287 546 3
287 549 4
287 550 4
287 566 3
287 572 3
287 578 4
287 588 3
287 591 4
287 596 3
287 597 3
287 620 3
287 627 4
287 628 3
287 651 4
287 652 4
287 658 4
287 672 3
287 679 3
287 684 4
287 685 3
287 686 4
287 692 3
287 710 3
287 713 4
287 727 4
287 732 3
287 735 4
287 739 3
287 742 3
287 747 4
287 748 2
287 768 1
287 772 3
287 779 3
287 781 3
287 790 1
287 794 3
287 820 2
287 823 3
287 833 3
287 845 3
287 921 4
287 932 1
287 939 3
287 941 1
287 955 4
287 956 5
287 978 2
288 1 3
288 8 3
288 9 3
288 11 2
288 22 4
288 28 3
288 33 3
288 58 3
288 64 3
288 69 3
288 70 3
288 83 3
288 87 3
288 96 3
288 98 3
288 111 3
288 133 3
288 135 3
288 154 3
288 164 3
288 168 3
288 172 3
288 173 3
288 176 3
288 180 3
288 181 3
288 182 3
288 183 3
288 185 2
288 186 3
288 190 3
288 196 3
288 198 3
288 199 3
288 200 3
288 203 3
288 207 1
288 208 3
288 210 3
288 211 2
288 222 2
288 228 3
288 230 3
288 238 3
288 243 1
288 245 2
288 258 3
288 260 1
288 265 3
288 269 3
288 289 2
288 292 3
288 299 2
288 304 3
288 318 4
288 328 2
288 333 2
288 357 3
288 358 2
288 385 3
288 405 3
288 414 3
288 419 3
288 429 3
288 434 3
288 468 3
288 474 3
288 480 3
288 485 3
288 491 3
288 493 3
288 496 3
288 498 3
288 500 5
288 510 3
288 511 3
288 514 3
288 515 3
288 520 3
288 521 2
288 523 3
288 526 2
288 527 3
288 568 3
288 605 2
288 612 4
288 655 3
288 659 3
288 662 3
288 692 3
288 707 2
288 724 3
288 732 3
288 748 2
288 776 1
288 845 3
288 880 3
288 890 2
289 243 3
289 258 4
289 259 3
289 260 2
289 261 5
289 263 5
289 264 3
289 266 5
289 268 3
289 270 3
289 271 3
289 272 4
289 286 3
289 288 3
289 289 3
289 292 4
289 294 3
289 301 3
289 302 4
289 303 4
289 308 3
289 310 4
289 313 4
289 315 4
289 316 4
289 321 3
289 324 3
289 325 3
289 326 3
289 327 4
289 330 1
289 331 4
289 332 3
289 333 4
289 334 3
289 339 3
289 340 3
289 342 2
289 343 3
289 349 3
289 353 1
289 355 4
289 358 2
289 457 1
289 538 4
289 539 4
289 678 2
289 681 1
289 682 2
289 687 1
289 689 3
289 750 3
289 751 3
289 752 4
289 872 1
289 873 2
289 874 4
289 875 1
289 881 3
289 883 3
289 887 4
289 890 4
289 892 1
289 902 4
289 908 1
289 948 3
289 988 5
289 989 3
289 991 3
290 1 3
290 7 3
290 9 3
290 15 3
290 50 4
290 93 4
290 117 3
290 124 4
290 126 3
290 127 4
290 150 2
290 151 3
290 181 4
290 224 4
290 237 3
290 246 3
290 257 3
290 258 4
290 273 3
290 277 3
290 284 3
290 286 3
290 292 3
290 293 3
290 298 3
290 302 4
290 333 4
290 410 3
290 475 3
290 515 3
290 596 3
290 764 2
290 847 2
290 919 3
290 926 2
290 993 5
291 7 3
291 19 3
291 45 3
291 100 4
291 124 4
291 129 4
291 236 3
291 237 3
291 258 4
291 273 4
291 286 3
291 340 2
291 475 3
291 657 4
291 900 4
292 45 4
292 56 4
292 64 4
292 69 4
292 83 4
292 97 3
292 100 5
292 124 4
292 127 4
292 134 4
292 137 3
292 185 4
292 186 4
292 187 4
292 192 4
292 193 4
292 205 4
292 221 2
292 242 4
292 285 4
292 286 3
292 318 4
292 479 4
292 482 3
292 483 4
292 492 2
292 511 4
292 523 4
292 527 4
292 531 4
292 654 4
292 657 4
292 772 3
292 923 4
293 1 4
293 7 4
293 11 4
293 12 5
293 22 5
293 24 4
293 48 3
293 50 5
293 56 4
293 59 4
293 60 2
293 61 5
293 65 4
293 69 4
293 71 4
293 79 4
293 82 4
293 91 3
293 95 4
293 96 4
293 98 5
293 100 5
293 115 3
293 117 4
293 118 3
293 121 4
293 124 4
293 127 4
293 150 4
293 156 4
293 168 5
293 171 4
293 172 5
293 173 4
293 174 5
293 175 4
293 176 5
293 180 4
293 181 4
293 182 4
293 183 4
293 188 3
293 191 4
293 192 3
293 195 4
293 196 4
293 201 4
293 209 4
293 210 4
293 222 4
293 234 4
293 235 3
293 238 5
293 239 4
293 250 4
293 252 3
293 257 4
293 258 4
293 260 3
293 264 4
293 265 4
293 271 3
293 273 4
293 275 4
293 284 4
293 288 4
293 298 4
293 300 4
293 318 4
293 323 3
293 327 4
293 328 4
293 343 3
293 357 4
293 369 2
293 405 3
293 411 3
293 423 4
293 431 4
293 455 4
293 462 4
293 475 4
293 483 4
293 527 4
293 528 4
293 546 3
293 550 4
293 597 3
293 647 4
293 652 4
293 684 4
293 687 1
293 693 4
293 742 4
293 746 4
293 751 4
293 754 5
293 762 3
293 763 4
293 876 5
293 886 5
293 890 3
293 925 3
294 1 5
294 9 5
294 15 4
294 64 5
294 65 5
294 86 5
294 98 5
294 100 5
294 126 5
294 174 5
294 183 5
294 191 5
294 194 4
294 222 5
294 237 4
294 286 5
294 289 3
294 294 4
294 322 4
294 357 5
294 479 5
294 507 5
294 528 5
294 748 4
294 924 4
295 2 4
295 4 4
295 11 4
295 29 3
295 44 4
295 50 5
295 53 3
295 54 3
295 56 5
295 62 4
295 64 5
295 68 3
295 69 4
295 71 4
295 79 4
295 84 5
295 86 4
295 88 4
295 89 5
295 90 3
295 91 4
295 94 4
295 95 4
295 98 4
295 101 3
295 109 3
295 120 2
295 127 5
295 132 5
295 133 4
295 139 4
295 140 2
295 144 4
295 145 5
295 147 3
295 153 4
295 155 2
295 157 4
295 158 2
295 161 4
295 162 4
295 163 4
295 167 3
295 168 4
295 172 5
295 173 5
295 174 5
295 176 4
295 179 4
295 181 4
295 184 4
295 186 4
295 188 4
295 191 4
295 195 4
295 200 3
295 201 3
295 202 4
295 214 4
295 216 4
295 217 3
295 219 2
295 222 4
295 226 4
295 227 3
295 228 4
295 229 4
295 230 3
295 231 3
295 232 3
295 234 4
295 235 4
295 265 4
295 282 4
295 288 3
295 357 4
295 379 5
295 380 5
295 385 4
295 386 2
295 389 1
295 391 3
295 392 2
295 395 1
295 402 4
295 403 4
295 404 3
295 413 3
295 416 5
295 417 3
295 421 5
295 423 4
295 431 3
295 433 4
295 435 4
295 444 4
295 447 4
295 449 4
295 452 3
295 465 1
295 470 3
295 472 4
295 478 4
295 479 4
295 496 4
295 501 3
295 504 4
295 505 5
295 507 4
295 523 4
295 550 4
295 559 3
295 566 4
295 575 3
295 581 4
295 616 3
295 622 3
295 629 3
295 642 3
295 650 3
295 658 3
295 660 4
295 665 3
295 671 3
295 674 3
295 679 4
295 684 4
295 705 4
295 732 4
295 742 4
295 768 1
295 770 4
295 790 2
295 796 4
295 797 4
295 831 3
295 843 5
295 924 4
295 944 4
296 7 4
296 10 5
296 17 4
296 33 4
296 38 4
296 39 4
296 42 4
296 50 5
296 53 3
296 56 5
296 64 5
296 77 4
296 87 5
296 96 5
296 97 4
296 98 5
296 99 5
296 109 4
296 132 5
296 133 4
296 135 5
296 136 4
296 141 4
296 142 4
296 143 4
296 147 4
296 150 5
296 154 5
296 156 5
296 158 3
296 164 5
296 172 5
296 173 5
296 181 5
296 183 5
296 186 5
296 204 5
296 222 5
296 227 4
296 228 4
296 229 4
296 246 5
296 268 4
296 288 4
296 318 5
296 356 4
296 378 4
296 380 5
296 393 5
296 417 4
296 418 4
296 420 4
296 421 4
296 433 5
296 469 5
296 480 5
296 484 5
296 485 4
296 509 4
296 526 4
296 528 5
296 532 4
296 554 3
296 561 2
296 607 5
296 625 4
296 633 4
296 727 4
296 743 4
296 746 4
296 774 1
296 825 3
296 921 5
297 1 4
297 2 3
297 3 3
297 11 3
297 12 4
297 13 4
297 19 4
297 24 3
297 25 3
297 28 4
297 31 4
297 38 3
297 39 3
297 54 3
297 56 3
297 66 3
297 67 3
297 70 3
297 71 4
297 72 3
297 77 3
297 79 4
297 80 2
297 87 4
297 89 4
297 94 4
297 95 3
297 96 4
297 97 4
297 98 4
297 99 3
297 100 4
297 101 2
297 105 2
297 108 1
297 109 4
297 114 4
297 118 3
297 122 2
297 127 4
297 139 3
297 145 2
297 152 4
297 153 4
297 155 2
297 161 4
297 163 4
297 164 4
297 167 5
297 168 4
297 173 4
297 174 4
297 175 4
297 181 4
297 183 4
297 185 4
297 186 4
297 187 4
297 188 4
297 189 3
297 194 4
297 195 4
297 197 4
297 202 4
297 204 3
297 208 4
297 217 3
297 222 4
297 225 3
297 227 3
297 228 4
297 229 3
297 230 4
297 233 3
297 234 4
297 240 3
297 242 4
297 248 3
297 250 3
297 252 3
297 257 4
297 258 4
297 260 2
297 268 4
297 273 3
297 274 3
297 288 3
297 291 3
297 325 3
297 358 3
297 363 5
297 364 2
297 373 3
297 381 4
297 382 3
297 384 3
297 385 3
297 386 1
297 393 4
297 395 1
297 399 1
297 403 3
297 405 3
297 407 5
297 408 4
297 412 3
297 418 3
297 423 4
297 431 4
297 432 3
297 451 4
297 452 5
297 455 3
297 465 2
297 472 2
297 475 3
297 501 3
297 508 4
297 510 4
297 526 4
297 540 1
297 545 5
297 549 5
297 550 3
297 552 3
297 559 3
297 562 4
297 566 4
297 568 4
297 570 3
297 575 5
297 577 1
297 578 3
297 588 4
297 590 2
297 597 3
297 603 4
297 625 3
297 627 2
297 645 3
297 651 4
297 652 4
297 655 4
297 657 4
297 679 3
297 692 4
297 716 4
297 721 2
297 722 1
297 724 4
297 731 3
297 741 4
297 748 3
297 758 2
297 765 3
297 771 3
297 780 1
297 781 4
297 783 3
297 790 3
297 792 3
297 797 2
297 802 4
297 808 2
297 809 2
297 810 3
297 840 3
297 849 3
297 864 2
297 940 5
297 943 5
297 1000 3
298 10 3
298 11 4
298 12 4
298 23 4
298 32 4
298 50 4
298 53 3
298 54 3
298 56 3
298 59 4
298 61 3
298 79 4
298 83 4
298 89 3
298 98 4
298 121 3
298 124 3
298 127 4
298 136 4
298 137 3
298 144 3
298 150 3
298 151 3
298 156 3
298 160 3
298 164 4
298 168 4
298 171 5
298 172 4
298 175 4
298 176 3
298 182 3
298 183 4
298 186 4
298 187 4
298 191 4
298 192 3
298 197 4
298 202 3
298 203 4
298 204 3
298 210 4
298 218 3
298 222 3
298 228 4
298 229 3
298 258 4
298 262 4
298 271 3
298 275 3
298 288 3
298 293 4
298 302 4
298 340 2
298 381 3
298 425 4
298 435 4
298 443 4
298 447 4
298 448 3
298 449 3
298 464 5
298 474 4
298 475 4
298 483 4
298 484 4
298 486 3
298 489 4
298 512 3
298 515 4
298 522 3
298 525 4
298 548 3
298 554 2
298 558 3
298 594 4
298 607 4
298 628 4
298 631 2
298 649 3
298 652 4
298 656 4
298 664 3
298 675 3
298 693 3
298 754 1
298 772 2
298 806 4
298 887 4
298 919 4
298 922 4
298 933 3
298 985 3
299 7 4
299 8 5
299 11 4
299 12 5
299 50 4
299 69 4
299 87 4
299 97 4
299 117 4
299 132 4
299 153 4
299 157 4
299 176 4
299 177 4
299 181 4
299 182 4
299 183 4
299 191 4
299 193 4
299 194 4
299 198 4
299 202 4
299 207 5
299 210 4
299 213 4
299 215 4
299 238 5
299 251 3
299 271 3
299 272 5
299 275 4
299 295 2
299 300 4
299 301 3
299 312 4
299 313 5
299 318 4
299 326 4
299 357 5
299 414 4
299 425 4
299 427 4
299 463 4
299 474 5
299 482 4
299 483 5
299 484 5
299 486 3
299 497 4
299 511 5
299 514 4
299 516 4
299 520 5
299 521 4
299 530 4
299 539 3
299 605 1
299 651 5
299 657 5
299 661 4
299 663 4
299 690 4
299 692 4
299 742 4
299 750 5
299 879 4
299 886 3
299 887 2
299 902 1
300 1 4
300 3 2
300 8 4
300 9 4
300 15 4
300 25 4
300 28 4
300 30 3
300 39 1
300 42 4
300 43 3
300 44 3
300 45 4
300 50 5
300 56 5
300 58 4
300 59 3
300 61 4
300 62 3
300 69 4
300 70 4
300 72 4
300 77 4
300 83 5
300 88 3
300 89 5
300 94 3
300 97 4
300 98 4
300 100 5
300 116 4
300 118 4
300 120 2
300 125 4
300 129 4
300 133 4
300 135 5
300 143 4
300 147 4
300 159 3
300 164 4
300 172 5
300 175 4
300 179 5
300 181 4
300 196 4
300 204 4
300 208 4
300 210 4
300 211 4
300 216 4
300 217 5
300 223 4
300 234 5
300 235 4
300 238 4
300 244 4
300 245 3
300 246 5
300 250 4
300 252 3
300 255 4
300 257 4
300 268 5
300 274 3
300 275 4
300 276 4
300 281 4
300 282 4
300 283 3
300 284 3
300 285 5
300 287 4
300 294 4
300 298 4
300 300 4
300 301 4
300 304 3
300 316 4
300 319 3
300 325 4
300 381 4
300 386 4
300 387 5
300 393 4
300 396 3
300 405 4
300 407 5
300 412 3
300 421 5
300 448 3
300 464 5
300 469 3
300 471 4
300 472 4
300 475 4
300 476 3
300 479 5
300 498 5
300 509 4
300 514 4
300 517 4
300 522 4
300 529 4
300 531 5
300 535 4
300 553 2
300 559 5
300 568 4
300 569 3
300 584 3
300 611 3
300 619 4
300 639 4
300 640 4
300 660 4
300 662 5
300 665 1
300 699 5
300 709 5
300 714 5
300 721 3
300 729 1
300 735 4
300 739 5
300 742 4
300 762 3
300 768 3
300 775 4
300 780 5
300 781 4
300 815 3
300 821 5
300 827 3
300 836 4
300 845 4
300 930 5
300 964 5
300 971 4
300 988 4
300 996 4
